ExperimentControl	449	"StartTime = Mar 28, 2008 16:04:40.928"	"EndTime = Mar 28, 2008 16:05:33.171"	OperationCode = D1B1L1	OperationMode = 34	TestArticleName = none	"Comments = ""B1->L1A-1D. 2 simultaneous sensor faults."""	FaultType = abrupt	FaultMode = stuck0	FaultLocation = E140/E161	FaultInjection = software																																																																							
SensorData	Time	E135	E140	E142	E161	E165	E167	E181	E235	E240	E242	E261	E265	E267	E281	E335	E340	ESH141A	ESH144A	ESH160A	ESH170	ESH171	ESH172	ESH173	ESH174	ESH175	ESH183	ESH184	ESH241A	ESH244A	ESH260A	ESH270	ESH271	ESH272	ESH273	ESH274	ESH275	ESH283	ESH284	ESH341A	ESH344A	FT520	FT525	ISH136	ISH162	ISH166	ISH180	ISH236	ISH262	ISH266	ISH280	ISH336	IT140	IT161	IT167	IT181	IT240	IT261	IT267	IT281	IT340	LT500	LT505	ST165	ST265	ST515	ST516	TE128	TE129	TE133	TE228	TE229	TE328	TE329	TE500	TE501	TE502	TE505	TE506	TE507	TE510	TE511
AntagonistData	2008-03-28 16:04:41.236 GMT-07:00	24.76173019	24.77637863	0	0.029297322	0.073243305	0.073243305	0.014648661	25.05470276	25.04005432	0	0	0.219729915	0.219729915	0.014648661	23.72167587	23.72167587	0	0	0	0	0	0	0	0	0	0	0	0	0	0	0	0	0	0	0	0	0	0	0	0	0	0	1	1	1	1	1	1	1	1	1	0.048471568	0.079752365	3.88E-04	0.008207792	-0.076653075	-0.014090026	3.88E-04	3.88E-04	-0.045370823	11.78905748	11.15341431	0.219729915	0.439459831	0	0	72.29297638	70.6202774	72.03341675	72.03341675	73.21583557	72.69672394	71.45662689	89.12921207	85.42534776	83.14628654	71.32539053	70.34305469	70.70256243	72.06794534	68.31311798
AntagonistData	2008-03-28 16:04:41.736 GMT-07:00	24.77637863	24.76173019	0.029297322	0.014648661	0.14648661	0.073243305	0.014648661	25.05470276	25.04005432	0.029297322	0.014648661	0.29297322	0.219729915	0.014648661	23.72167587	23.72167587	0	0	0	0	0	0	0	0	0	0	0	0	0	0	0	0	0	0	0	0	0	0	0	0	0	0	1	1	1	1	1	1	1	1	1	0.03283117	0.079752365	-0.003522506	0.008207792	-0.061011221	-0.014090026	3.88E-04	0.004297693	-0.045370823	11.75968477	11.20939571	0.219729915	0.439459831	0	0	72.29297638	70.6202774	72.06225586	72.03341675	73.21583557	72.69672394	71.45662689	89.12921207	85.33489821	83.02764785	71.32304672	70.34320513	70.69981385	72.07176857	68.31311798
AntagonistData	2008-03-28 16:04:42.252 GMT-07:00	24.77637863	24.76173019	0.029297322	0.014648661	0.14648661	0.073243305	0.014648661	25.05470276	25.04005432	0.029297322	0.014648661	0.29297322	0.219729915	0.014648661	23.72167587	23.72167587	0	0	0	0	0	0	0	0	0	0	0	0	0	0	0	0	0	0	0	0	0	0	0	0	0	0	1	1	1	1	1	1	1	1	1	0.064111967	0.079752365	-0.003522506	0.008207792	-0.061011221	-0.014090026	0.008207792	0.004297693	-0.045370823	11.65444908	10.95966917	0.219729915	0.439459831	0	0	72.26413727	70.6202774	72.06225586	72.03341675	73.21583557	72.69672394	71.45662689	89.12921207	85.33489821	83.02764785	71.32629512	70.34938437	70.69591779	72.07128568	68.11123657
AntagonistData	2008-03-28 16:04:42.736 GMT-07:00	24.76173019	24.76173019	0.014648661	0.014648661	0.073243305	0.073243305	0.014648661	25.04005432	25.05470276	0.014648661	0.014648661	0.219729915	0.219729915	0.014648661	23.72167587	23.72167587	0	0	0	0	0	0	0	0	0	0	0	0	0	0	0	0	0	0	0	0	0	0	0	0	0	0	1	1	1	1	1	1	1	1	1	0.048471568	0.079752365	-0.003522506	0.012117892	-0.076653075	-0.014090026	-0.003522506	0.004297693	-0.045370823	11.55331606	10.91219321	0.219729915	0.659189746	0	0	72.26413727	70.64911652	72.09109497	72.09109497	73.24467468	72.69672394	71.45662689	88.97809708	85.21429881	82.96833244	71.323548	70.34846262	70.70272009	72.06971351	68.11123657
AntagonistData	2008-03-28 16:04:43.236 GMT-07:00	24.77637863	24.77637863	0	0.014648661	0.14648661	0.073243305	0.014648661	25.04005432	25.04005432	0	0	0.219729915	0.219729915	0.014648661	23.72167587	23.72167587	0	0	0	0	0	0	0	0	0	0	0	0	0	0	0	0	0	0	0	0	0	0	0	0	0	0	1	1	1	1	1	1	1	1	1	0.048471568	0.079752365	3.88E-04	0.008207792	-0.076653075	-0.014090026	3.88E-04	-0.003522506	-0.045370823	11.41128269	10.79751441	0.219729915	0.439459831	0	0	72.32181549	70.64911652	72.09109497	72.09109497	73.24467468	72.69672394	71.45662689	88.97809708	85.21429881	82.96833244	71.32419921	70.34641838	70.70279269	72.06913053	68.25543976
AntagonistData	2008-03-28 16:04:43.736 GMT-07:00	24.77637863	24.77637863	0	0.014648661	0.14648661	0.14648661	0.014648661	25.05470276	25.04005432	0	0	0.219729915	0.219729915	0.014648661	23.72167587	23.72167587	0	0	0	0	0	0	0	0	0	0	0	0	0	0	0	0	0	0	0	0	0	0	0	0	0	0	1	1	1	1	1	1	1	1	1	0.048471568	0.079752365	-0.003522506	0.012117892	-0.061011221	-0.014090026	3.88E-04	3.88E-04	-0.045370823	11.4475801	10.6136601	0.219729915	0.439459831	0	0	72.32181549	70.64911652	72.11993408	72.09109497	73.18699646	72.69672394	71.45662689	88.76654729	85.09369144	82.87935931	71.32759031	70.34422396	70.69451381	72.0696113	68.25543976
AntagonistData	2008-03-28 16:04:44.236 GMT-07:00	24.77637863	24.76173019	0.029297322	0.014648661	0.14648661	0.073243305	0.014648661	25.05470276	25.04005432	0.029297322	0.014648661	0.219729915	0.14648661	0	23.72167587	23.72167587	0	0	0	0	0	0	0	0	0	0	0	0	0	0	0	0	0	0	0	0	0	0	0	0	0	0	1	1	1	1	1	1	1	1	1	0.048471568	0.079752365	-0.003522506	0.008207792	-0.061011221	-0.014090026	3.88E-04	3.88E-04	-0.045370823	11.3986301	10.55708786	0.219729915	0.439459831	0	0	72.32181549	70.64911652	72.11993408	72.09109497	73.18699646	72.69672394	71.45662689	88.76654729	85.09369144	82.87935931	71.32833791	70.3519212	70.6952691	72.0656439	68.19775391
AntagonistData	2008-03-28 16:04:44.736 GMT-07:00	24.77637863	24.76173019	0.014648661	0.014648661	0.14648661	0.073243305	0.014648661	25.04005432	25.04005432	0.014648661	0	0.219729915	0.219729915	0.014648661	23.72167587	23.72167587	0	0	0	0	0	0	0	0	0	0	0	0	0	0	0	0	0	0	0	0	0	0	0	0	0	0	1	1	1	1	1	1	1	1	1	0.064111967	0.079752365	3.88E-04	0.012117892	-0.076653075	-0.014090026	3.88E-04	3.88E-04	-0.045370823	11.53993214	10.73492463	0.219729915	0.659189746	0	0	72.29297638	70.64911652	72.11993408	72.03341675	73.18699646	72.69672394	71.45662689	88.6154403	85.0032419	82.73107076	71.32760303	70.34930097	70.70165368	72.07410951	68.19775391
AntagonistData	2008-03-28 16:04:45.236 GMT-07:00	24.77637863	24.77637863	0	0.029297322	0.073243305	0.073243305	0.014648661	25.05470276	25.04005432	0	0.014648661	0.219729915	0.219729915	0.014648661	23.72167587	23.72167587	0	0	0	0	0	0	0	0	0	0	0	0	0	0	0	0	0	0	0	0	0	0	0	0	0	0	1	1	1	1	1	1	1	1	1	0.064111967	0.079752365	-0.003522506	0.008207792	-0.061011221	-0.014090026	3.88E-04	3.88E-04	-0.045370823	11.58933703	10.86360341	0.219729915	0.439459831	0	0	72.29297638	70.64911652	72.11993408	72.03341675	73.21583557	72.69672394	71.45662689	88.6154403	85.0032419	82.73107076	71.33117889	70.35193263	70.70388327	72.07653799	68.08239746
AntagonistData	2008-03-28 16:04:45.736 GMT-07:00	24.77637863	24.76173019	0.029297322	0.014648661	0.14648661	0.073243305	0.014648661	25.04005432	25.05470276	0.014648661	0.014648661	0.29297322	0.219729915	0.014648661	23.72167587	23.72167587	0	0	0	0	0	0	0	0	0	0	0	0	0	0	0	0	0	0	0	0	0	0	0	0	0	0	1	1	1	1	1	1	1	1	1	0.048471568	0.079752365	3.88E-04	0.012117892	-0.076653075	-0.014090026	3.88E-04	3.88E-04	-0.045370823	11.745631	11.32659645	0.219729915	0.439459831	0	0	72.29297638	70.67795563	72.11993408	72.06225586	73.21583557	72.69672394	71.45662689	88.49454671	84.85249265	82.73107076	71.3292225	70.34090545	70.69897926	72.07105813	68.08239746
AntagonistData	2008-03-28 16:04:46.236 GMT-07:00	24.76173019	24.77637863	0.014648661	0.014648661	0.14648661	0.073243305	0.014648661	25.05470276	25.04005432	0.014648661	0	0.29297322	0.219729915	0.014648661	23.72167587	23.72167587	0	0	0	0	0	0	0	0	0	0	0	0	0	0	0	0	0	0	0	0	0	0	0	0	0	0	1	1	1	1	1	1	1	1	1	0.048471568	0.079752365	3.88E-04	0.008207792	-0.061011221	-0.014090026	3.88E-04	3.88E-04	-0.045370823	11.85504572	10.9838433	0.219729915	0.219729915	0	0	72.29297638	70.67795563	72.11993408	72.06225586	73.18699646	72.69672394	71.45662689	88.49454671	84.85249265	82.73107076	71.32520791	70.34032175	70.70237247	72.07432975	68.08239746
UserCommand	2008-03-28 16:04:46.329 GMT-07:00	EY141_CL	1																																																																															
AntagonistCommand	2008-03-28 16:04:46.329 GMT-07:00	EY141_CL	1																																																																															
AntagonistData	2008-03-28 16:04:46.736 GMT-07:00	24.76173019	24.77637863	24.76173019	0.014648661	0.14648661	0.14648661	0	25.05470276	25.04005432	0	0	0.219729915	0.219729915	0	23.72167587	23.72167587	1	0	0	0	0	0	0	0	0	0	0	0	0	0	0	0	0	0	0	0	0	0	0	0	0	0	1	1	1	1	1	1	1	1	1	0.064111967	0.079752365	3.88E-04	0.008207792	-0.061011221	-0.014090026	-0.003522506	-0.003522506	-0.045370823	11.88301759	11.1946818	0.439459831	0.439459831	0	0	72.29297638	70.64911652	72.11993408	72.06225586	73.18699646	72.69672394	71.45662689	88.37366111	84.8223428	82.73107076	71.32400138	70.34602217	70.70291947	72.07498397	68.16891479
AntagonistData	2008-03-28 16:04:47.236 GMT-07:00	24.77637863	24.77637863	24.76173019	0.014648661	0.073243305	0.073243305	0.014648661	25.05470276	25.04005432	0	0	0.29297322	0.219729915	0	23.72167587	23.72167587	1	0	0	0	0	0	0	0	0	0	0	0	0	0	0	0	0	0	0	0	0	0	0	0	0	0	1	1	1	1	1	1	1	1	1	0.048471568	0.079752365	-0.003522506	0.012117892	-0.061011221	-0.014090026	0.008207792	3.88E-04	-0.045370823	12.0245146	11.53508225	0.219729915	0.439459831	0	0	72.29297638	70.64911652	72.11993408	72.03341675	73.24467468	72.69672394	71.45662689	88.37366111	84.8223428	82.64209763	71.33036958	70.3388344	70.70665456	72.06922899	68.16891479
AntagonistData	2008-03-28 16:04:47.736 GMT-07:00	24.77637863	24.77637863	24.77637863	0.029297322	0.073243305	0.14648661	0.014648661	25.05470276	25.04005432	0.014648661	0	0.219729915	0.14648661	0	23.72167587	23.72167587	1	0	0	0	0	0	0	0	0	0	0	0	0	0	0	0	0	0	0	0	0	0	0	0	0	0	1	1	1	1	1	1	1	1	1	0.03283117	0.079752365	3.88E-04	0.008207792	-0.045370823	-0.014090026	3.88E-04	3.88E-04	-0.045370823	11.82163084	11.3034989	0.219729915	0.439459831	0	0	72.29297638	70.6202774	72.09109497	72.03341675	73.24467468	72.69672394	71.45662689	88.22255412	84.55098619	82.64209763	71.33116235	70.34327144	70.7024584	72.07759481	68.05355835
AntagonistData	2008-03-28 16:04:48.252 GMT-07:00	24.77637863	24.77637863	24.77637863	0.029297322	0.073243305	0.073243305	0.014648661	25.05470276	25.04005432	0.014648661	0	0.219729915	0.219729915	0.014648661	23.72167587	23.72167587	1	0	0	0	0	0	0	0	0	0	0	0	0	0	0	0	0	0	0	0	0	0	0	0	0	0	1	1	1	1	1	1	1	1	1	0.048471568	0.079752365	0.008207792	0.012117892	-0.061011221	-0.014090026	3.88E-04	-0.003522506	-0.045370823	11.88354364	11.49492456	0.219729915	0.439459831	0	0	72.29297638	70.6202774	72.09109497	72.06225586	73.24467468	72.69672394	71.45662689	88.22255412	84.55098619	82.55311666	71.33032008	70.33960501	70.70087231	72.07578453	68.05355835
UserCommand	2008-03-28 16:04:48.563 GMT-07:00	EY160_CL	1																																																																															
AntagonistCommand	2008-03-28 16:04:48.563 GMT-07:00	EY160_CL	1																																																																															
AntagonistData	2008-03-28 16:04:48.736 GMT-07:00	24.76173019	24.77637863	24.77637863	0.014648661	0.14648661	0.073243305	0.014648661	25.05470276	25.05470276	0.043945983	0.014648661	0.219729915	0.219729915	0	23.73632431	23.72167587	1	0	0	0	0	0	0	0	0	0	0	0	0	0	0	0	0	0	0	0	0	0	0	0	0	0	1	1	1	1	1	1	1	1	1	0.03283117	0.079752365	3.88E-04	0.008207792	-0.076653075	-0.014090026	3.88E-04	3.88E-04	-0.045370823	12.0141999	11.60225671	0.219729915	0.659189746	0	0	72.29297638	70.67795563	72.09109497	72.06225586	73.24467468	72.72556305	71.51430511	88.13188992	84.55098619	82.55311666	71.322812	70.34079786	70.70475812	72.08063827	68.02471924
AntagonistData	2008-03-28 16:04:49.236 GMT-07:00	24.76173019	24.77637863	24.77637863	24.76173019	0.073243305	0.073243305	24.77637863	25.05470276	25.04005432	0	0	0.219729915	0.219729915	0	23.73632431	23.72167587	1	0	1	0	0	0	0	0	0	0	0	0	0	0	0	0	0	0	0	0	0	0	0	0	0	0	1	1	1	1	1	1	1	1	1	0.03283117	10.73386434	3.88E-04	0.008207792	-0.076653075	-0.014090026	3.88E-04	3.88E-04	-0.045370823	11.88443471	11.26592393	0.219729915	0.439459831	0	0	72.29297638	70.67795563	72.09109497	72.03341675	73.24467468	72.72556305	71.51430511	88.13188992	84.55098619	82.46414353	71.32741707	70.34189717	70.70064375	72.07129119	68.02471924
AntagonistData	2008-03-28 16:04:49.736 GMT-07:00	24.76173019	24.74708176	24.76173019	24.76173019	0.073243305	0.073243305	24.77637863	25.04005432	25.04005432	0.014648661	0	0.29297322	0.219729915	0	23.73632431	23.72167587	1	0	1	0	0	0	0	0	0	0	0	0	0	0	0	0	0	0	0	0	0	0	0	0	0	0	1	1	1	1	1	1	1	1	1	0.752293866	0.079752365	-0.003522506	0.012117892	-0.061011221	-0.014090026	3.88E-04	3.88E-04	-0.045370823	11.99085775	11.2923955	0.219729915	0.439459831	0	0	72.29297638	70.64911652	72.09109497	72.03341675	73.24467468	72.72556305	71.51430511	87.98077493	84.55098619	82.46414353	71.32607638	70.34119254	70.70598654	72.06820452	67.70748138
AntagonistData	2008-03-28 16:04:50.236 GMT-07:00	24.76173019	24.73243332	24.74708176	24.73243332	0.14648661	0.073243305	24.76173019	25.05470276	25.02540588	0.014648661	0	0.219729915	0.219729915	0.014648661	23.73632431	23.72167587	1	0	1	0	0	0	0	0	0	0	0	0	0	0	0	0	0	0	0	0	0	0	0	0	0	0	1	1	1	1	1	1	1	1	1	0.564607629	0.54896723	-0.003522506	0.012117892	-0.076653075	-0.014090026	3.88E-04	-0.003522506	-0.045370823	12.0111055	11.56306087	0.219729915	0.439459831	0	0	72.29297638	70.64911652	72.09109497	72.09109497	73.24467468	72.72556305	71.51430511	87.98077493	84.43038679	82.40482811	71.3253425	70.34398986	70.70606246	72.07196127	67.70748138
AntagonistData	2008-03-28 16:04:50.736 GMT-07:00	24.76173019	24.74708176	24.74708176	24.74708176	0.14648661	0.073243305	24.74708176	25.05470276	25.02540588	0.014648661	0	0.219729915	0.219729915	0	23.73632431	23.72167587	1	0	1	0	0	0	0	0	0	0	0	0	0	0	0	0	0	0	0	0	0	0	0	0	0	0	1	1	1	1	1	1	1	1	1	0.736653467	0.81485546	-0.003522506	0.012117892	-0.061011221	-0.014090026	3.88E-04	3.88E-04	-0.045370823	11.87329641	11.29571551	0.219729915	0.439459831	0	0	72.32181549	70.64911652	72.09109497	72.09109497	73.24467468	72.72556305	71.51430511	87.98077493	84.43038679	82.40482811	71.33028607	70.3482468	70.7088252	72.06718239	67.64980316
AntagonistData	2008-03-28 16:04:51.236 GMT-07:00	24.73243332	24.67383766	24.67383766	24.67383766	0.14648661	0.14648661	24.70313644	25.05470276	25.02540588	0.014648661	0	0.219729915	0.219729915	0.014648661	23.73632431	23.72167587	1	0	1	0	0	0	0	0	0	0	0	0	0	0	0	0	0	0	0	0	0	0	0	0	0	0	1	1	1	1	1	1	1	1	1	1.534318156	1.440475765	3.88E-04	0.008207792	-0.045370823	-0.014090026	3.88E-04	3.88E-04	-0.045370823	11.90308799	11.37583071	0.219729915	0.659189746	0	0	72.32181549	70.64911652	72.09109497	72.03341675	73.21583557	72.72556305	71.51430511	87.82966794	84.33993724	82.31585498	71.32904933	70.34319546	70.70871785	72.07353065	67.64980316
AntagonistData	2008-03-28 16:04:51.736 GMT-07:00	24.76173019	24.74708176	24.74708176	24.74708176	0.073243305	0.073243305	24.74708176	25.05470276	25.04005432	0.029297322	0.014648661	0.219729915	0.219729915	0	23.73632431	23.72167587	1	0	1	0	0	0	0	0	0	0	0	0	0	0	0	0	0	0	0	0	0	0	0	0	0	0	1	1	1	1	1	1	1	1	1	0.03283117	0.767934264	-0.003522506	0.012117892	-0.061011221	-0.014090026	-0.003522506	3.88E-04	-0.045370823	11.86099939	11.45533428	0.219729915	0.439459831	0	0	72.29297638	70.64911652	72.09109497	72.03341675	73.21583557	72.72556305	71.51430511	87.82966794	84.33993724	82.31585498	71.32947014	70.3470777	70.70362653	72.06636853	67.56328583
AntagonistData	2008-03-28 16:04:52.252 GMT-07:00	24.76173019	24.74708176	24.74708176	24.74708176	0.219729915	0.219729915	24.74708176	25.05470276	25.02540588	0.029297322	0	0.219729915	0.14648661	0.014648661	23.73632431	23.72167587	1	0	1	0	0	0	0	0	0	0	0	0	0	0	0	0	0	0	0	0	0	0	0	0	0	0	1	1	1	1	1	1	1	1	1	0.564607629	0.595888426	3.88E-04	0.012117892	-0.076653075	-0.014090026	-0.003522506	3.88E-04	-0.045370823	11.92628517	11.43811121	649.672699	0.439459831	0	0	72.29297638	70.64911652	72.09109497	72.06225586	73.24467468	72.72556305	71.51430511	87.70878234	84.2494877	82.22688185	71.32893064	70.34853998	70.70719485	72.06404614	67.56328583
AntagonistData	2008-03-28 16:04:52.736 GMT-07:00	24.73243332	24.71778488	24.71778488	24.70313644	0.29297322	0.219729915	24.73243332	25.05470276	25.04005432	0.014648661	0	0.219729915	0.219729915	0.014648661	23.73632431	23.72167587	1	0	1	0	0	0	0	0	0	0	0	0	0	0	0	0	0	0	0	0	0	0	0	0	0	0	1	1	1	1	1	1	1	1	1	1.393554569	0.674091873	3.88E-04	0.012117892	-0.061011221	-0.014090026	0.008207792	3.88E-04	-0.045370823	11.94616501	11.26324001	634.2916012	0.439459831	0	0	72.29297638	70.64911652	72.09109497	72.06225586	73.24467468	72.72556305	71.51430511	87.70878234	84.2494877	82.22688185	71.33163771	70.34760545	70.70570112	72.06812734	67.64980316
AntagonistData	2008-03-28 16:04:53.236 GMT-07:00	24.74708176	24.70313644	24.71778488	24.70313644	0.29297322	0.219729915	24.73243332	25.0693531	25.02540588	0.014648661	0	0.219729915	0.219729915	0	23.73632431	23.72167587	1	0	1	0	0	0	0	0	0	0	0	0	0	0	0	0	0	0	0	0	0	0	0	0	0	0	1	1	1	1	1	1	1	1	1	1.065103291	1.190227934	3.88E-04	0.012117892	-0.061011221	-0.014090026	-0.003522506	3.88E-04	-0.045370823	11.86966522	11.37082071	634.7310543	0.439459831	0	0	72.32181549	70.6202774	72.03341675	72.03341675	73.24467468	72.72556305	71.51430511	87.58789675	84.21933785	82.16756643	71.33170468	70.35104859	70.70824399	72.06979667	67.64980316
AntagonistData	2008-03-28 16:04:53.736 GMT-07:00	24.74708176	24.71778488	24.71778488	24.70313644	0.219729915	0.219729915	24.73243332	25.04005432	25.04005432	0.029297322	0	0.219729915	0.219729915	0.014648661	23.73632431	23.72167587	1	0	1	0	0	0	0	0	0	0	0	0	0	0	0	0	0	0	0	0	0	0	0	0	0	0	1	1	1	1	1	1	1	1	1	1.112025941	1.174587535	3.88E-04	0.012117892	-0.061011221	-0.014090026	3.88E-04	3.88E-04	-0.045370823	11.83115877	11.13830325	635.1705074	0.439459831	0	0	72.32181549	70.6202774	72.03341675	72.03341675	73.18699646	72.72556305	71.51430511	87.58789675	84.21933785	82.16756643	71.32698264	70.35487261	70.70658011	72.07099917	67.62096405
AntagonistData	2008-03-28 16:04:54.236 GMT-07:00	24.73243332	24.71778488	24.70313644	24.70313644	0.219729915	0.219729915	24.70313644	25.04005432	25.02540588	0.029297322	0	0.219729915	0.219729915	0.014648661	23.73632431	23.72167587	1	0	1	0	0	0	0	0	0	0	0	0	0	0	0	0	0	0	0	0	0	0	0	0	0	0	1	1	1	1	1	1	1	1	1	1.112025941	1.143306738	-0.003522506	0.012117892	-0.061011221	-0.014090026	3.88E-04	3.88E-04	-0.045370823	11.93825795	11.31267161	635.1705074	0.439459831	0	0	72.29297638	70.64911652	72.06225586	72.09109497	73.18699646	72.72556305	71.51430511	87.40656036	84.09873048	82.01927004	71.33280991	70.35753563	70.71101186	72.07078294	67.62096405
UserCommand	2008-03-28 16:04:54.329 GMT-07:00	EY170_CL	1																																																																															
AntagonistCommand	2008-03-28 16:04:54.329 GMT-07:00	EY170_CL	1																																																																															
AntagonistData	2008-03-28 16:04:54.783 GMT-07:00	24.65918922	24.54199982	24.54199982	24.4980545	120.659194	120.8056784	24.5712986	25.05470276	24.9521637	0.014648661	0	0.219729915	0.14648661	0	23.73632431	23.63378334	1	0	1	1	0	0	0	0	0	0	0	0	0	0	0	0	0	0	0	0	0	0	0	0	0	0	1	1	1	1	1	1	1	1	1	4.397507885	5.273374566	0.532164416	0.012117892	-0.076653075	-0.014090026	3.88E-04	3.88E-04	-0.061011221	26.01485316	11.08033307	103.5065174	0.439459831	0	0	72.29297638	70.64911652	72.06225586	72.09109497	73.21583557	72.69672394	71.45662689	87.40656036	84.09873048	82.01927004	71.33416146	70.35258961	70.71035458	72.06504677	67.62096405
AntagonistData	2008-03-28 16:04:55.283 GMT-07:00	24.64454079	24.4980545	24.4980545	24.4980545	120.8789206	121.0254049	24.5712986	25.04005432	24.9521637	0	0	0.219729915	0.219729915	0	23.73632431	23.63378334	1	0	1	1	0	0	0	0	0	0	0	0	0	0	0	0	0	0	0	0	0	0	0	0	0	0	1	1	1	1	1	1	1	1	1	4.397507885	4.491350276	0.532164416	0.016027992	-0.061011221	-0.014090026	3.88E-04	-0.003522506	-0.061011221	44.4403539	11.35762564	61.97757125	0.219729915	0	0	72.26413727	70.64911652	72.06225586	72.09109497	73.21583557	72.69672394	71.45662689	87.92033214	84.27963755	82.01927004	71.33165522	70.35452449	70.70912164	72.06752903	67.62096405
UserCommand	2008-03-28 16:04:55.688 GMT-07:00	EY171_CL	1																																																																															
AntagonistCommand	2008-03-28 16:04:55.688 GMT-07:00	EY171_CL	1																																																																															
AntagonistData	2008-03-28 16:04:55.783 GMT-07:00	24.64454079	24.52735138	24.52735138	24.46875763	120.9521627	121.0254049	24.55664825	25.05470276	24.9521637	0.014648661	0	0.219729915	0.219729915	0.014648661	23.73632431	23.63378334	1	0	1	1	0	0	0	0	0	0	0	0	0	0	0	0	0	0	0	0	0	0	0	0	0	0	1	1	1	1	1	1	1	1	1	4.350585234	4.413148283	0.539984615	0.008207792	-0.061011221	-0.014090026	3.88E-04	3.88E-04	-0.061011221	44.1694384	11.37774703	60.87892056	0.439459831	0	0	72.26413727	70.64911652	72.06225586	72.06225586	73.21583557	72.69672394	71.45662689	87.92033214	84.27963755	82.25653956	71.32892227	70.3539931	70.71031698	72.07397572	67.62096405
AntagonistData	2008-03-28 16:04:56.267 GMT-07:00	24.54199982	24.27832413	24.26367569	24.1904335	120.7324362	120.7324362	24.33691978	25.05470276	24.86427116	0.014648661	0	0.219729915	0.219729915	0.014648661	23.75097275	23.51659393	1	0	1	1	1	0	0	0	0	0	0	0	0	0	0	0	0	0	0	0	0	0	0	0	0	0	1	1	1	1	1	1	1	1	1	8.089641645	8.120923897	1.079826109	0.012117892	-0.061011221	-0.014090026	3.88E-04	-0.003522506	-0.045370823	44.01359623	11.51044302	60.43946147	0.439459831	0	0	72.29297638	70.6202774	72.06225586	72.06225586	73.21583557	72.66788483	71.485466	88.79676869	84.67159356	82.25653956	71.33008661	70.36163426	70.70671919	72.06891647	67.59212494
AntagonistData	2008-03-28 16:04:56.736 GMT-07:00	24.55664825	24.1904335	24.20508194	24.29297256	120.7324362	120.8056784	24.35156822	25.04005432	24.90821648	0.014648661	0	0.219729915	0.14648661	0.014648661	23.75097275	23.51659393	1	0	1	1	1	0	0	0	0	0	0	0	0	0	0	0	0	0	0	0	0	0	0	0	0	0	1	1	1	1	1	1	1	1	1	8.074001246	8.120923897	1.064185711	0.008207792	-0.061011221	-0.014090026	-0.003522506	0.004297693	-0.045370823	44.1641779	11.63169744	60.43946147	0.439459831	120	0	72.29297638	70.6202774	72.06225586	72.03341675	73.24467468	72.66788483	71.485466	88.79676869	84.67159356	82.64209763	71.33192375	70.35970142	70.70898763	72.06628961	67.59212494
UserCommand	2008-03-28 16:04:56.938 GMT-07:00	EY172_CL	1																																																																															
AntagonistCommand	2008-03-28 16:04:56.938 GMT-07:00	EY172_CL	1																																																																															
AntagonistData	2008-03-28 16:04:57.267 GMT-07:00	24.46875763	24.27832413	24.26367569	24.16113472	120.5127096	120.5859518	24.35156822	25.05470276	24.86427116	0.029297322	0	0.219729915	0.219729915	0.014648661	23.73632431	23.48729706	1	0	1	1	1	1	0	0	0	0	0	0	0	0	0	0	0	0	0	0	0	0	0	0	0	0	1	1	1	1	1	1	1	1	1	8.574498363	8.105283498	1.255781684	0.008207792	-0.061011221	-0.014090026	0.008207792	3.88E-04	-0.045370823	44.08290325	11.44731708	60.43946147	0.439459831	180	0	72.29297638	70.6202774	72.06225586	72.03341675	73.24467468	72.69672394	71.51430511	89.61275445	84.67159356	82.64209763	71.33167797	70.3561073	70.70628648	72.06743424	67.9382019
AntagonistData	2008-03-28 16:04:57.736 GMT-07:00	24.43946075	24.23437881	24.23437881	24.13183784	120.4394531	120.5859518	24.26367569	25.05470276	24.8789196	0.014648661	0	0.219729915	0.14648661	0.014648661	23.73632431	23.48729706	1	0	1	1	1	1	0	0	0	0	0	0	0	0	0	0	0	0	0	0	0	0	0	0	0	0	1	1	1	1	1	1	1	1	1	8.981150179	9.090634424	1.247961484	0.012117892	-0.061011221	-0.014090026	3.88E-04	3.88E-04	-0.045370823	43.81241986	11.51338192	60.43946147	0.439459831	240	0	72.29297638	70.6202774	72.06225586	72.03341675	73.21583557	72.69672394	71.51430511	89.61275445	85.0032419	82.90901702	71.33199513	70.35772125	70.71196191	72.07038612	67.9382019
UserCommand	2008-03-28 16:04:58.111 GMT-07:00	EY173_CL	1																																																																															
AntagonistCommand	2008-03-28 16:04:58.111 GMT-07:00	EY173_CL	1																																																																															
AntagonistData	2008-03-28 16:04:58.236 GMT-07:00	24.45410919	24.13183784	24.11718941	24.17578316	120.4394531	120.5127096	24.29297256	25.05470276	24.89356804	0.029297322	0	0.219729915	0.219729915	0.014648661	23.73632431	23.48729706	1	0	1	1	1	1	0	0	0	0	0	0	0	0	0	0	0	0	0	0	0	0	0	0	0	0	1	1	1	1	1	1	1	1	1	8.981150179	9.074994025	1.228410986	0.012117892	-0.061011221	-0.014090026	-0.003522506	3.88E-04	-0.045370823	43.58223562	11.20980572	60.43946147	0.439459831	360	0	72.29297638	70.64911652	72.06225586	72.03341675	73.21583557	72.69672394	71.51430511	90.39852681	85.0032419	82.90901702	71.3355601	70.36363704	70.71092748	72.07900031	68.28427887
AntagonistData	2008-03-28 16:04:58.752 GMT-07:00	24.41016197	24.05859375	24.07324409	23.97070313	120.2929688	120.3662109	24.21973038	25.05470276	24.83497429	0.014648661	0	0.219729915	0.219729915	0.014648661	23.73632431	23.47264862	1	0	1	1	1	1	1	0	0	0	0	0	0	0	0	0	0	0	0	0	0	0	0	0	0	0	1	1	1	1	1	1	1	1	1	11.81305766	11.85998031	1.670499262	0.012117892	-0.061011221	-0.014090026	3.88E-04	3.88E-04	-0.045370823	43.1032108	10.89144519	60.21972895	0.659189746	420	0	72.29297638	70.64911652	72.06225586	72.06225586	73.21583557	72.72556305	71.485466	90.39852681	85.33489821	83.29457509	71.33208189	70.35781178	70.71330076	72.06925252	68.28427887
AntagonistData	2008-03-28 16:04:59.236 GMT-07:00	24.36621666	24.04394531	24	23.91210747	120.3662109	120.3662109	24.20508194	25.05470276	24.83497429	0.029297322	0	0.219729915	0.219729915	0	23.73632431	23.47264862	1	0	1	1	1	1	1	0	0	0	0	0	0	0	0	0	0	0	0	0	0	0	0	0	0	0	1	1	1	1	1	1	1	1	1	11.82869951	11.84433991	1.666589163	0.008207792	-0.061011221	-0.014090026	0.008207792	3.88E-04	-0.045370823	43.45049242	11.16728965	60.21972895	0.439459831	420	0	72.29297638	70.64911652	72.06225586	72.06225586	73.21583557	72.72556305	71.485466	90.39852681	85.33489821	83.29457509	71.33528602	70.36161825	70.71134254	72.07614901	68.42847443
AntagonistData	2008-03-28 16:04:59.799 GMT-07:00	24.3808651	24.07324409	24.05859375	23.92675591	120.3662109	120.3662109	24.16113472	25.04005432	24.82032585	0.029297322	0	0.219729915	0.219729915	0.014648661	23.73632431	23.47264862	1	0	1	1	1	1	1	0	0	0	0	0	0	0	0	0	0	0	0	0	0	0	0	0	0	0	1	1	1	1	1	1	1	1	1	11.84433991	11.84433991	1.643128565	0.012117892	-0.061011221	-0.014090026	-0.003522506	3.88E-04	-0.045370823	43.01308614	10.6852802	60.43946147	0.439459831	480	0	72.29297638	70.64911652	72.06225586	72.06225586	73.21583557	72.72556305	71.485466	91.15406977	85.72685422	83.62081774	71.33417744	70.36080392	70.71154261	72.07788938	68.42847443
AntagonistData	2008-03-28 16:05:00.236 GMT-07:00	24.33691978	23.89745903	23.89745903	24	120.3662109	120.3662109	24.10254097	25.04005432	24.84962273	0	0	0.219729915	0.219729915	0	23.73632431	23.47264862	1	0	1	1	1	1	1	0	0	0	0	0	0	0	0	0	0	0	0	0	0	0	0	0	0	0	1	1	1	1	1	1	1	1	1	11.82869951	11.84433991	1.647038665	0.012117892	-0.061011221	-0.014090026	-0.003522506	3.88E-04	-0.045370823	43.09500641	11.24592868	60.21972895	0.439459831	540	0	72.26413727	70.64911652	72.06225586	72.06225586	73.21583557	72.72556305	71.485466	91.15406977	85.72685422	83.62081774	71.33201348	70.3601854	70.70905872	72.06958939	68.3707962
AntagonistData	2008-03-28 16:05:00.752 GMT-07:00	24.35156822	23.97070313	23.97070313	24	120.3662109	120.3662109	24.10254097	25.04005432	24.86427116	0	0	0.219729915	0.219729915	0.014648661	23.73632431	23.47264862	1	0	1	1	1	1	1	0	0	0	0	0	0	0	0	0	0	0	0	0	0	0	0	0	0	0	1	1	1	1	1	1	1	1	1	11.76613646	11.84433991	1.666589163	0.008207792	-0.061011221	-0.014090026	3.88E-04	-0.003522506	-0.045370823	43.0898017	10.91039845	60.21972895	0.439459831	540	0	72.26413727	70.64911652	72.06225586	72.03341675	73.21583557	72.72556305	71.485466	91.93984213	85.99820286	83.91739483	71.33697481	70.36619779	70.71593367	72.07378812	68.3707962
AntagonistData	2008-03-28 16:05:01.236 GMT-07:00	24.32227135	24.05859375	24.05859375	23.86816216	120.3662109	120.3662109	24.04394531	25.05470276	24.80567551	0.014648661	0	0.219729915	0.219729915	0.014648661	23.73632431	23.47264862	1	0	1	1	1	1	1	0	0	0	0	0	0	0	0	0	0	0	0	0	0	0	0	0	0	0	1	1	1	1	1	1	1	1	1	11.84433991	11.84433991	1.647038665	0.008207792	-0.076653075	-0.014090026	3.88E-04	3.88E-04	-0.045370823	43.33893772	11.01490437	60.21972895	0.439459831	540	0	72.26413727	70.64911652	72.06225586	72.03341675	73.21583557	72.72556305	71.485466	91.93984213	85.99820286	83.91739483	71.33356547	70.35993389	70.70979649	72.07312819	68.39963531
AntagonistData	2008-03-28 16:05:01.736 GMT-07:00	24.32227135	23.89745903	23.98535156	24.01464844	120.2929688	120.3662109	24.11718941	25.0693531	24.89356804	0.014648661	0	0.219729915	0.219729915	0	23.73632431	23.47264862	1	0	1	1	1	1	1	0	0	0	0	0	0	0	0	0	0	0	0	0	0	0	0	0	0	0	1	1	1	1	1	1	1	1	1	11.84433991	11.84433991	1.674409362	0.012117892	-0.061011221	-0.014090026	3.88E-04	3.88E-04	-0.045370823	43.47572133	11.19399471	60.21972895	0.439459831	540	0	72.26413727	70.64911652	72.09109497	72.06225586	73.21583557	72.72556305	71.485466	92.75582789	86.29970933	84.18432206	71.34266346	70.35939388	70.71594469	72.07489162	68.39963531
AntagonistData	2008-03-28 16:05:02.236 GMT-07:00	24.32227135	24.02929688	24	23.82421684	120.2929688	120.3662109	24.14648628	25.05470276	24.82032585	0.014648661	0	0.219729915	0.219729915	0.014648661	23.73632431	23.47264862	1	0	1	1	1	1	1	0	0	0	0	0	0	0	0	0	0	0	0	0	0	0	0	0	0	0	1	1	1	1	1	1	1	1	1	11.81305766	11.85998031	1.635308366	0.008207792	-0.061011221	-0.014090026	0.008207792	3.88E-04	-0.045370823	43.29803737	10.9015407	60.21972895	0.439459831	600	0	72.26413727	70.64911652	72.09109497	72.06225586	73.21583557	72.72556305	71.485466	92.75582789	86.29970933	84.18432206	71.3421575	70.35912524	70.71672138	72.07073026	68.39963531
AntagonistData	2008-03-28 16:05:02.736 GMT-07:00	24.29297256	24.02929688	24.01464844	23.86816216	120.3662109	120.4394531	24.01464844	25.05470276	24.80567551	0	0	0.219729915	0.219729915	0	23.73632431	23.47264862	1	0	1	1	1	1	1	0	0	0	0	0	0	0	0	0	0	0	0	0	0	0	0	0	0	0	1	1	1	1	1	1	1	1	1	11.76613646	11.84433991	1.654858864	0.008207792	-0.045370823	-0.014090026	3.88E-04	-0.003522506	-0.045370823	42.90994433	10.89733231	60.21972895	0.439459831	600	0	72.32181549	70.6202774	72.09109497	72.03341675	73.21583557	72.72556305	71.485466	93.45093606	86.60120782	84.45124145	71.33209554	70.36045683	70.71597853	72.07685162	68.39963531
AntagonistData	2008-03-28 16:05:03.236 GMT-07:00	24.29297256	23.89745903	23.83886528	23.89745903	120.3662109	120.3662109	24.08789253	25.05470276	24.84962273	0.043945983	0	0.219729915	0.14648661	0.014648661	23.73632431	23.47264862	1	0	1	1	1	1	1	0	0	0	0	0	0	0	0	0	0	0	0	0	0	0	0	0	0	0	1	1	1	1	1	1	1	1	1	11.82869951	11.84433991	1.654858864	0.008207792	-0.061011221	-0.014090026	0.008207792	3.88E-04	-0.045370823	43.26344961	10.96335152	60.43946147	0.219729915	540	0	72.32181549	70.6202774	72.09109497	72.03341675	73.18699646	72.72556305	71.485466	93.45093606	86.60120782	84.45124145	71.33219879	70.35628403	70.71764181	72.07866688	68.39963531
AntagonistData	2008-03-28 16:05:03.736 GMT-07:00	24.26367569	23.89745903	23.88281059	23.98535156	120.3662109	120.3662109	23.98535156	25.05470276	24.84962273	0.043945983	0	0.219729915	0.219729915	0.014648661	23.73632431	23.47264862	1	0	1	1	1	1	1	0	0	0	0	0	0	0	0	0	0	0	0	0	0	0	0	0	0	0	1	1	1	1	1	1	1	1	1	11.81305766	11.84433991	1.678319825	0.012117892	-0.061011221	-0.014090026	0.008207792	3.88E-04	-0.045370823	43.00844979	10.89205302	60.21972895	0.439459831	600	0	72.26413727	70.6202774	72.06225586	72.03341675	73.18699646	72.72556305	71.485466	94.17625762	86.93286413	84.45124145	71.33521877	70.35443405	70.72222254	72.07186122	68.3707962
AntagonistData	2008-03-28 16:05:04.236 GMT-07:00	24.29297256	23.83886528	23.82421684	23.98535156	120.2929688	120.4394531	24.11718941	25.05470276	24.8789196	0	0	0.219729915	0.14648661	0	23.73632431	23.47264862	1	0	1	1	1	1	1	0	0	0	0	0	0	0	0	0	0	0	0	0	0	0	0	0	0	0	1	1	1	1	1	1	1	1	1	11.79741726	11.84433991	1.643128565	0.012117892	-0.076653075	-0.014090026	-0.003522506	-0.003522506	-0.045370823	43.38768855	11.12246808	60.43946147	0.439459831	600	0	72.26413727	70.6202774	72.06225586	72.09109497	73.21583557	72.72556305	71.485466	94.17625762	86.93286413	84.74782639	71.33944793	70.35121336	70.71267023	72.07927112	68.3707962
AntagonistData	2008-03-28 16:05:04.736 GMT-07:00	24.27832413	23.86816216	23.86816216	23.95605469	120.3662109	120.4394531	24.10254097	25.05470276	24.86427116	0	0	0.219729915	0.219729915	0.014648661	23.73632431	23.47264862	1	0	1	1	1	1	1	0	0	0	0	0	0	0	0	0	0	0	0	0	0	0	0	0	0	0	1	1	1	1	1	1	1	1	1	11.79741726	11.84433991	1.647038665	0.012117892	-0.076653075	-0.014090026	3.88E-04	3.88E-04	-0.045370823	43.28891749	11.07369547	60.00000238	0.439459831	600	0	72.26413727	70.64911652	72.09109497	72.09109497	73.21583557	72.72556305	71.485466	94.84113639	87.20421277	84.74782639	71.33217113	70.36065861	70.71466134	72.07576069	68.31311798
AntagonistData	2008-03-28 16:05:05.236 GMT-07:00	24.29297256	23.88281059	23.85351372	23.95605469	120.3662109	120.4394531	23.98535156	25.05470276	24.8789196	0.014648661	0	0.219729915	0.219729915	0.014648661	23.73632431	23.47264862	1	0	1	1	1	1	1	0	0	0	0	0	0	0	0	0	0	0	0	0	0	0	0	0	0	0	1	1	1	1	1	1	1	1	1	11.81305766	11.84433991	1.635308366	0.012117892	-0.076653075	-0.014090026	-0.003522506	3.88E-04	-0.045370823	43.39614292	10.81086426	60.21972895	0.439459831	600	0	72.26413727	70.64911652	72.09109497	72.06225586	73.21583557	72.72556305	71.485466	94.84113639	87.20421277	85.04440348	71.33402449	70.35926089	70.71739468	72.07469661	68.31311798
AntagonistData	2008-03-28 16:05:05.736 GMT-07:00	24.26367569	23.92675591	23.88281059	23.79491806	120.3662109	120.4394531	24.04394531	25.05470276	24.80567551	0.029297322	0	0.219729915	0.219729915	0.014648661	23.73632431	23.47264862	1	0	1	1	1	1	1	0	0	0	0	0	0	0	0	0	0	0	0	0	0	0	0	0	0	0	1	1	1	1	1	1	1	1	1	11.82869951	11.81305766	1.670499262	0.012117892	-0.061011221	-0.014090026	3.88E-04	3.88E-04	-0.045370823	43.26257286	11.03997682	60.43946147	0.659189746	600	0	72.29297638	70.6202774	72.09109497	72.06225586	73.21583557	72.72556305	71.485466	95.50602315	87.20421277	85.04440348	71.34264445	70.35639478	70.72103174	72.0787614	68.34195709
AntagonistData	2008-03-28 16:05:06.236 GMT-07:00	24.24902725	24.01464844	23.98535156	23.8095665	120.3662109	120.3662109	24.04394531	25.05470276	24.82032585	0.029297322	0	0.219729915	0.14648661	0.014648661	23.73632431	23.47264862	1	0	1	1	1	1	1	0	0	0	0	0	0	0	0	0	0	0	0	0	0	0	0	0	0	0	1	1	1	1	1	1	1	1	1	11.79741726	11.81305766	1.670499262	0.012117892	-0.061011221	-0.014090026	-0.003522506	3.88E-04	-0.045370823	43.25332316	10.97045319	60.21972895	0.439459831	600	0	72.29297638	70.6202774	72.09109497	72.06225586	73.24467468	72.72556305	71.485466	95.50602315	87.53586909	85.31133072	71.33707343	70.35782118	70.71866917	72.07525333	68.34195709
AntagonistData	2008-03-28 16:05:06.736 GMT-07:00	24.24902725	23.8095665	23.8095665	23.94140625	120.3662109	120.4394531	23.97070313	25.05470276	24.89356804	0.029297322	0	0.219729915	0.219729915	0.014648661	23.73632431	23.47264862	1	0	1	1	1	1	1	0	0	0	0	0	0	0	0	0	0	0	0	0	0	0	0	0	0	0	1	1	1	1	1	1	1	1	1	11.79741726	11.84433991	1.643128565	0.008207792	-0.061011221	-0.014090026	-0.003522506	3.88E-04	-0.045370823	43.19046024	11.06527362	60.21972895	0.439459831	600	0	72.29297638	70.67795563	72.09109497	72.06225586	73.24467468	72.72556305	71.485466	96.29178752	87.53586909	85.31133072	71.34048873	70.36635601	70.71927471	72.07783857	68.39963531
AntagonistData	2008-03-28 16:05:07.252 GMT-07:00	24.27832413	23.88281059	23.88281059	23.89745903	120.3662109	120.3662109	24.02929688	25.05470276	24.84962273	0.014648661	0	0.219729915	0.219729915	0.014648661	23.73632431	23.47264862	1	0	1	1	1	1	1	0	0	0	0	0	0	0	0	0	0	0	0	0	0	0	0	0	0	0	1	1	1	1	1	1	1	1	1	11.81305766	11.81305766	1.658768964	0.008207792	-0.061011221	-0.014090026	-0.003522506	3.88E-04	-0.045370823	43.1762569	11.03463123	60.21972895	0.219729915	600	0	72.29297638	70.67795563	72.09109497	72.03341675	73.21583557	72.72556305	71.485466	96.29178752	87.8675254	85.63756552	71.34217721	70.36517598	70.72278926	72.07992909	68.39963531
AntagonistData	2008-03-28 16:05:07.736 GMT-07:00	24.23437881	23.8095665	23.92675591	23.86816216	120.3662109	120.3662109	24.04394531	25.05470276	24.86427116	0	0	0.219729915	0.14648661	0.014648661	23.73632431	23.47264862	1	0	1	1	1	1	1	0	0	0	0	0	0	0	0	0	0	0	0	0	0	0	0	0	0	0	1	1	1	1	1	1	1	1	1	11.79741726	11.84433991	1.643128565	0.008207792	-0.061011221	-0.014090026	-0.003522506	0.004297693	-0.045370823	43.38246832	10.93862719	60.21972895	0.439459831	600	0	72.29297638	70.67795563	72.09109497	72.03341675	73.21583557	72.72556305	71.485466	96.29178752	87.8675254	85.63756552	71.33908352	70.36461264	70.72773615	72.07614625	68.45731354
AntagonistData	2008-03-28 16:05:08.236 GMT-07:00	24.24902725	23.8095665	23.8095665	23.92675591	120.3662109	120.3662109	24.07324409	25.05470276	24.86427116	0	0	0.29297322	0.219729915	0.014648661	23.73632431	23.47264862	1	0	1	1	1	1	1	0	0	0	0	0	0	0	0	0	0	0	0	0	0	0	0	0	0	0	1	1	1	1	1	1	1	1	1	11.81305766	11.81305766	1.670499262	0.012117892	-0.076653075	-0.014090026	-0.003522506	3.88E-04	-0.045370823	43.1166818	10.91784824	60.21972895	0.659189746	600	0	72.29297638	70.64911652	72.06225586	72.03341675	73.21583557	72.72556305	71.485466	96.92644489	88.16902389	85.90449275	71.34514536	70.36411426	70.72609347	72.07268345	68.45731354
AntagonistData	2008-03-28 16:05:08.736 GMT-07:00	24.24902725	23.89745903	23.85351372	23.79491806	120.3662109	120.4394531	23.97070313	25.05470276	24.84962273	0.014648661	0	0.219729915	0.219729915	0.014648661	23.73632431	23.47264862	1	0	1	1	1	1	1	0	0	0	0	0	0	0	0	0	0	0	0	0	0	0	0	0	0	0	1	1	1	1	1	1	1	1	1	11.82869951	11.85998031	1.639218465	0.012117892	-0.076653075	-0.014090026	-0.003522506	3.88E-04	-0.045370823	43.17888715	10.95414565	60.21972895	0.439459831	660	0	72.26413727	70.64911652	72.06225586	72.03341675	73.21583557	72.72556305	71.485466	96.92644489	88.16902389	85.90449275	71.33806747	70.363094	70.72261273	72.07470776	68.3707962
AntagonistData	2008-03-28 16:05:09.252 GMT-07:00	24.21973038	23.95605469	23.92675591	23.78026962	120.3662109	120.4394531	23.95605469	25.05470276	24.82032585	0.014648661	0	0.219729915	0.14648661	0.014648661	23.73632431	23.47264862	1	0	1	1	1	1	1	0	0	0	0	0	0	0	0	0	0	0	0	0	0	0	0	0	0	0	1	1	1	1	1	1	1	1	1	11.82869951	11.87562071	1.607693196	0.012117892	-0.076653075	-0.014090026	0.008207792	3.88E-04	-0.045370823	43.29710604	10.7583935	60.43946147	0.439459831	600	0	72.26413727	70.64911652	72.09109497	72.06225586	73.21583557	72.72556305	71.485466	97.65177445	88.44038051	86.2307354	71.34353411	70.36392912	70.71942955	72.06991121	68.3707962
AntagonistData	2008-03-28 16:05:09.736 GMT-07:00	24.27832413	23.88281059	23.89745903	23.92675591	120.3662109	120.4394531	24.07324409	25.05470276	24.86427116	0	0	0.219729915	0.29297322	0.014648661	23.73632431	23.47264862	1	0	1	1	1	1	1	0	0	0	0	0	0	0	0	0	0	0	0	0	0	0	0	0	0	0	1	1	1	1	1	1	1	1	1	11.81305766	11.85998031	1.658768964	0.008207792	-0.076653075	-0.014090026	-0.003522506	0.004297693	-0.045370823	43.41896945	11.15343848	60.21972895	0.439459831	600	0	72.26413727	70.64911652	72.09109497	72.06225586	73.21583557	72.72556305	71.485466	97.65177445	88.44038051	86.2307354	71.34025272	70.36004034	70.72307976	72.06965902	68.34195709
AntagonistData	2008-03-28 16:05:10.236 GMT-07:00	24.21973038	23.86816216	23.86816216	23.83886528	120.3662109	120.4394531	23.98535156	25.04005432	24.84962273	0	0	0.219729915	0.219729915	0.014648661	23.73632431	23.47264862	1	0	1	1	1	1	1	0	0	0	0	0	0	0	0	0	0	0	0	0	0	0	0	0	0	0	1	1	1	1	1	1	1	1	1	11.79741726	11.84433991	1.647038665	0.012117892	-0.061011221	-0.014090026	3.88E-04	3.88E-04	-0.045370823	43.21618567	10.82334452	60.21972895	0.439459831	600	0	72.29297638	70.6202774	72.06225586	72.03341675	73.21583557	72.72556305	71.485466	98.34687461	88.8021787	86.43833937	71.33679209	70.37077682	70.71750198	72.06247561	68.34195709
AntagonistData	2008-03-28 16:05:10.736 GMT-07:00	24.26367569	23.94140625	23.92675591	23.76562119	120.3662109	120.4394531	24.07324409	25.05470276	24.82032585	0.014648661	0	0.219729915	0.219729915	0.014648661	23.73632431	23.47264862	1	0	1	1	1	1	1	0	0	0	0	0	0	0	0	0	0	0	0	0	0	0	0	0	0	0	1	1	1	1	1	1	1	1	1	11.76613646	11.81305766	1.631398266	0.012117892	-0.061011221	-0.014090026	-0.003522506	3.88E-04	-0.045370823	43.17902382	11.07607826	60.21972895	0.439459831	600	0	72.29297638	70.6202774	72.06225586	72.03341675	73.21583557	72.72556305	71.485466	98.34687461	88.8021787	86.43833937	71.34264817	70.37046382	70.72089434	72.06982567	68.22659302
AntagonistData	2008-03-28 16:05:11.236 GMT-07:00	24.24902725	23.83886528	23.82421684	23.94140625	120.3662109	120.3662109	23.95605469	25.05470276	24.8789196	0.029297322	0	0.219729915	0.219729915	0.014648661	23.73632431	23.47264862	1	0	1	1	1	1	1	0	0	0	0	0	0	0	0	0	0	0	0	0	0	0	0	0	0	0	1	1	1	1	1	1	1	1	1	11.84433991	11.84433991	1.647038665	0.008207792	-0.076653075	-0.014090026	3.88E-04	3.88E-04	-0.045370823	42.96241777	10.88326048	60.21972895	0.439459831	600	0	72.26413727	70.64911652	72.09109497	72.06225586	73.21583557	72.72556305	71.485466	98.92108919	89.16398486	86.7052666	71.34758228	70.3700263	70.72266535	72.06870376	68.22659302
AntagonistData	2008-03-28 16:05:11.752 GMT-07:00	24.20508194	23.94140625	23.94140625	23.91210747	120.3662109	120.3662109	23.91210747	25.05470276	24.86427116	0	0	0.219729915	0.219729915	0.014648661	23.73632431	23.47264862	1	0	1	1	1	1	1	0	0	0	0	0	0	0	0	0	0	0	0	0	0	0	0	0	0	0	1	1	1	1	1	1	1	1	1	11.82869951	11.85998031	1.643128565	0.008207792	-0.076653075	-0.014090026	-0.003522506	3.88E-04	-0.045370823	43.22268077	10.87037227	60.21972895	0.439459831	600	0	72.26413727	70.64911652	72.09109497	72.06225586	73.21583557	72.72556305	71.485466	98.92108919	89.16398486	86.7052666	71.34618268	70.375773	70.72951546	72.06714034	68.28427887
AntagonistData	2008-03-28 16:05:12.236 GMT-07:00	24.21973038	23.94140625	23.89745903	23.73632431	120.2929688	120.4394531	23.94140625	25.05470276	24.83497429	0.014648661	0	0.219729915	0.219729915	0	23.73632431	23.47264862	1	0	1	1	1	1	1	0	0	0	0	0	0	0	0	0	0	0	0	0	0	0	0	0	0	0	1	1	1	1	1	1	1	1	1	11.81305766	11.84433991	1.654858864	0.008207792	-0.076653075	-0.014090026	-0.003522506	3.88E-04	-0.045370823	43.28922604	10.96440362	60.43946147	0.439459831	600	0	72.29297638	70.6202774	72.09109497	72.06225586	73.21583557	72.72556305	71.485466	99.61619735	89.43534148	86.7052666	71.34796824	70.36731483	70.72585199	72.06849767	68.28427887
AntagonistData	2008-03-28 16:05:12.752 GMT-07:00	24.21973038	23.94140625	23.94140625	23.73632431	120.3662109	120.3662109	24.04394531	25.05470276	24.80567551	0.029297322	0	0.219729915	0.219729915	0.014648661	23.73632431	23.47264862	1	0	1	1	1	1	1	0	0	0	0	0	0	0	0	0	0	0	0	0	0	0	0	0	0	0	1	1	1	1	1	1	1	1	1	11.81305766	11.84433991	1.654858864	0.012117892	-0.076653075	-0.014090026	-0.003522506	-0.003522506	-0.045370823	43.01357609	10.99478298	60.21972895	0.219729915	600	0	72.29297638	70.6202774	72.09109497	72.06225586	73.18699646	72.72556305	71.485466	99.61619735	89.43534148	87.0018437	71.34844035	70.3799273	70.71901156	72.07200173	68.28427887
AntagonistData	2008-03-28 16:05:13.236 GMT-07:00	24.24902725	23.78026962	23.78026962	23.83886528	120.2929688	120.3662109	24.07324409	25.05470276	24.8789196	0.043945983	0	0.219729915	0.219729915	0.014648661	23.73632431	23.47264862	1	0	1	1	1	1	1	0	0	0	0	0	0	0	0	0	0	0	0	0	0	0	0	0	0	0	1	1	1	1	1	1	1	1	1	11.82869951	11.84433991	1.693960224	0.008207792	-0.045370823	-0.014090026	3.88E-04	3.88E-04	-0.045370823	42.96725152	10.7404112	60.21972895	0.439459831	600	0	72.29297638	70.67795563	72.09109497	72.06225586	73.18699646	72.72556305	71.485466	100.2508547	89.70669012	87.0018437	71.35299107	70.3773232	70.7166676	72.07102509	68.39963531
AntagonistData	2008-03-28 16:05:13.736 GMT-07:00	24.23437881	23.85351372	23.8095665	23.79491806	120.3662109	120.3662109	23.95605469	25.05470276	24.86427116	0	0	0.219729915	0.219729915	0.014648661	23.73632431	23.47264862	1	0	1	1	1	1	1	0	0	0	0	0	0	0	0	0	0	0	0	0	0	0	0	0	0	0	1	1	1	1	1	1	1	1	1	11.85998031	11.81305766	1.639218465	0.012117892	-0.061011221	-0.014090026	-0.003522506	0.004297693	-0.045370823	43.37190864	11.04977578	60.21972895	0.439459831	600	0	72.29297638	70.67795563	72.09109497	72.06225586	73.21583557	72.72556305	71.485466	100.2508547	89.70669012	87.15013224	71.35460143	70.37132218	70.72368181	72.06775391	68.39963531
AntagonistData	2008-03-28 16:05:14.252 GMT-07:00	24.21973038	23.89745903	23.86816216	23.79491806	120.3662109	120.4394531	23.95605469	25.05470276	24.82032585	0.029297322	0	0.219729915	0.219729915	0.014648661	23.73632431	23.47264862	1	0	1	1	1	1	1	0	0	0	0	0	0	0	0	0	0	0	0	0	0	0	0	0	0	0	1	1	1	1	1	1	1	1	1	11.81305766	11.79741726	1.607693196	0.012117892	-0.076653075	-0.014090026	-0.003522506	0.004297693	-0.045370823	43.23266024	10.88164623	60.21972895	0.439459831	600	0	72.29297638	70.64911652	72.09109497	72.06225586	73.21583557	72.72556305	71.485466	100.9157335	89.70669012	87.15013224	71.35116597	70.37108597	70.72667851	72.06606093	68.31311798
AntagonistData	2008-03-28 16:05:14.736 GMT-07:00	24.21973038	23.78026962	23.78026962	23.8095665	120.3662109	120.4394531	23.98535156	25.04005432	24.86427116	0.014648661	0	0.219729915	0.219729915	0.014648661	23.73632431	23.47264862	1	0	1	1	1	1	1	0	0	0	0	0	0	0	0	0	0	0	0	0	0	0	0	0	0	0	1	1	1	1	1	1	1	1	1	11.79741726	11.84433991	1.635308366	0.008207792	-0.076653075	-0.014090026	3.88E-04	-0.003522506	-0.045370823	43.13325235	11.37515973	60.43946147	0.439459831	600	0	72.29297638	70.64911652	72.06225586	72.09109497	73.21583557	72.72556305	71.485466	100.9157335	90.09864613	87.44671718	71.35198325	70.37434891	70.72171039	72.06690493	68.31311798
AntagonistData	2008-03-28 16:05:15.236 GMT-07:00	24.20508194	23.83886528	23.82421684	23.8095665	120.3662109	120.4394531	23.95605469	25.05470276	24.86427116	0.014648661	0	0.219729915	0.219729915	0	23.73632431	23.47264862	1	0	1	1	1	1	1	0	0	0	0	0	0	0	0	0	0	0	0	0	0	0	0	0	0	0	1	1	1	1	1	1	1	1	1	11.79741726	11.81305766	1.647038665	0.016027992	-0.061011221	-0.014090026	3.88E-04	3.88E-04	-0.045370823	43.4486242	11.14918367	60.21972895	0.439459831	600	0	72.29297638	70.64911652	72.06225586	72.09109497	73.21583557	72.72556305	71.485466	101.5503909	90.09864613	87.44671718	71.35876055	70.37652086	70.7187331	72.07461532	68.39963531
AntagonistData	2008-03-28 16:05:15.736 GMT-07:00	24.21973038	23.86816216	23.82421684	23.72167587	120.3662109	120.4394531	24.01464844	25.05470276	24.82032585	0.014648661	0	0.219729915	0.219729915	0.014648661	23.73632431	23.47264862	1	0	1	1	1	1	1	0	0	0	0	0	0	0	0	0	0	0	0	0	0	0	0	0	0	0	1	1	1	1	1	1	1	1	1	11.73485566	11.85998031	1.658768964	0.008207792	-0.076653075	-0.014090026	3.88E-04	-0.003522506	-0.045370823	43.660617	11.50623463	60.21972895	0.439459831	600	0	72.29297638	70.64911652	72.06225586	72.09109497	73.21583557	72.72556305	71.485466	101.5503909	90.40015259	87.68397886	71.35557825	70.36946288	70.72092768	72.07295086	68.39963531
AntagonistData	2008-03-28 16:05:16.252 GMT-07:00	24.23437881	23.94140625	23.91210747	23.73632431	120.4394531	120.3662109	23.97070313	25.04005432	24.80567551	0.014648661	0	0.219729915	0.219729915	0.014648661	23.73632431	23.47264862	1	0	1	1	1	1	1	0	0	0	0	0	0	0	0	0	0	0	0	0	0	0	0	0	0	0	1	1	1	1	1	1	1	1	1	11.82869951	11.84433991	1.670499262	0.008207792	-0.061011221	-0.014090026	3.88E-04	3.88E-04	-0.045370823	43.37789222	11.57886972	60.21972895	0.439459831	600	0	72.26413727	70.64911652	72.06225586	72.09109497	73.21583557	72.72556305	71.485466	101.5503909	90.40015259	87.68397886	71.3548023	70.38163604	70.73066004	72.06555984	68.3707962
AntagonistData	2008-03-28 16:05:16.736 GMT-07:00	24.23437881	23.95605469	23.94140625	23.8095665	120.2929688	120.4394531	24.07324409	25.04005432	24.83497429	0	0	0.219729915	0.219729915	0.014648661	23.73632431	23.47264862	1	0	1	1	1	1	1	0	0	0	0	0	0	0	0	0	0	0	0	0	0	0	0	0	0	0	1	1	1	1	1	1	1	1	1	11.76613646	11.84433991	1.627488167	0.008207792	-0.061011221	-0.014090026	-0.003522506	3.88E-04	-0.045370823	43.6555628	11.23647179	60.21972895	0.439459831	600	0	72.26413727	70.64911652	72.09109497	72.03341675	73.18699646	72.72556305	71.485466	102.1548268	90.67150123	87.95090609	71.35349821	70.37033754	70.72119233	72.07297795	68.3707962
AntagonistData	2008-03-28 16:05:17.236 GMT-07:00	24.21973038	23.89745903	23.85351372	23.79491806	120.3662109	120.4394531	24.01464844	25.05470276	24.86427116	0	0	0.14648661	0.219729915	0.014648661	23.73632431	23.47264862	1	0	1	1	1	1	1	0	0	0	0	0	0	0	0	0	0	0	0	0	0	0	0	0	0	0	1	1	1	1	1	1	1	1	1	11.81305766	11.81305766	1.639218465	0.016027992	-0.061011221	-0.014090026	3.88E-04	3.88E-04	-0.045370823	43.67942327	11.56265344	60.21972895	0.439459831	600	0	72.29297638	70.64911652	72.09109497	72.03341675	73.18699646	72.72556305	71.485466	102.1548268	90.67150123	87.95090609	71.35771884	70.37103082	70.72379884	72.07263804	68.3707962
AntagonistData	2008-03-28 16:05:17.752 GMT-07:00	24.20508194	23.78026962	23.78026962	23.89745903	120.2929688	120.4394531	23.92675591	25.0693531	24.86427116	0.029297322	0	0.219729915	0.219729915	0.014648661	23.73632431	23.47264862	1	0	1	1	1	1	1	0	0	0	0	0	0	0	0	0	0	0	0	0	0	0	0	0	0	0	1	1	1	1	1	1	1	1	1	11.81305766	11.85998031	1.654858864	0.008207792	-0.045370823	-0.014090026	3.88E-04	3.88E-04	-0.045370823	43.69647425	11.81465263	60.21972895	0.439459831	600	0	72.29297638	70.6202774	72.11993408	72.06225586	73.18699646	72.72556305	71.485466	102.7894922	91.00315755	88.18816777	71.36028398	70.36930412	70.72306824	72.07319337	68.3707962
AntagonistData	2008-03-28 16:05:18.252 GMT-07:00	24.21973038	23.92675591	23.91210747	23.89745903	120.3662109	120.4394531	23.92675591	25.05470276	24.86427116	0	0	0.219729915	0.219729915	0.014648661	23.73632431	23.47264862	1	0	1	1	1	1	1	0	0	0	0	0	0	0	0	0	0	0	0	0	0	0	0	0	0	0	1	1	1	1	1	1	1	1	1	11.82869951	11.85998031	1.647038665	0.012117892	-0.045370823	-0.014090026	-0.003522506	-0.003522506	-0.045370823	43.61314103	11.79884967	60.21972895	0.439459831	600	0	72.29297638	70.6202774	72.11993408	72.06225586	73.18699646	72.72556305	71.485466	102.7894922	91.00315755	88.18816777	71.36096372	70.36920288	70.72957462	72.07362309	68.31311798
AntagonistData	2008-03-28 16:05:18.736 GMT-07:00	24.20508194	23.88281059	23.86816216	23.86816216	120.3662109	120.4394531	23.91210747	25.05470276	24.86427116	0	0	0.219729915	0.219729915	0.014648661	23.73632431	23.47264862	1	0	1	1	1	1	1	0	0	0	0	0	0	0	0	0	0	0	0	0	0	0	0	0	0	0	1	1	1	1	1	1	1	1	1	11.81305766	11.81305766	1.654858864	0.012117892	-0.061011221	-0.014090026	-0.003522506	-0.003522506	-0.045370823	43.6115964	11.53675839	60.21972895	0.439459831	600	0	72.29297638	70.67795563	72.06225586	72.06225586	73.18699646	72.72556305	71.485466	103.3939282	91.21420649	88.455095	71.36005469	70.37181611	70.72996926	72.06742964	68.31311798
AntagonistData	2008-03-28 16:05:19.236 GMT-07:00	24.21973038	23.8095665	23.78026962	23.8095665	120.3662109	120.4394531	23.92675591	25.05470276	24.84962273	0.014648661	0	0.219729915	0.219729915	0.014648661	23.73632431	23.47264862	1	0	1	1	1	1	1	0	0	0	0	0	0	0	0	0	0	0	0	0	0	0	0	0	0	0	1	1	1	1	1	1	1	1	1	11.79741726	11.85998031	1.635308366	0.008207792	-0.076653075	-0.014090026	-0.003522506	3.88E-04	-0.045370823	43.9091754	11.96132919	60.21972895	0.439459831	600	0	72.29297638	70.67795563	72.06225586	72.06225586	73.21583557	72.72556305	71.485466	103.3939282	91.21420649	88.455095	71.35961464	70.36594387	70.72271139	72.0703678	68.3707962
AntagonistData	2008-03-28 16:05:19.736 GMT-07:00	24.20508194	23.91210747	23.86816216	23.78026962	120.2929688	120.4394531	23.94140625	25.05470276	24.82032585	0.014648661	0	0.219729915	0.219729915	0	23.73632431	23.47264862	1	0	1	1	1	1	1	0	0	0	0	0	0	0	0	0	0	0	0	0	0	0	0	0	0	0	1	1	1	1	1	1	1	1	1	11.79741726	11.81305766	1.635308366	0.008207792	-0.076653075	-0.014090026	0.008207792	3.88E-04	-0.045370823	43.96190928	11.9774538	60.43946147	0.439459831	540	0	72.29297638	70.64911652	72.03341675	72.06225586	73.21583557	72.72556305	71.485466	103.9681427	91.57601265	88.69235667	71.36166648	70.36252554	70.72360591	72.06194395	68.3707962
FaultInject	2008-03-28 16:05:20.236 GMT-07:00	E140	Sensor	Stuck	TRUE	"Over-writes the nominal value with a fixed, user-entered value."	Abrupt	Stuck At=0																																																																										
FaultInject	2008-03-28 16:05:20.236 GMT-07:00	E161	Sensor	Stuck	TRUE	"Over-writes the nominal value with a fixed, user-entered value."	Abrupt	Stuck At=0																																																																										
AntagonistData	2008-03-28 16:05:20.236 GMT-07:00	24.20508194	0	23.83886528	0	120.3662109	120.3662109	23.94140625	25.05470276	24.84962273	0	0	0.219729915	0.219729915	0	23.73632431	23.47264862	1	0	1	1	1	1	1	0	0	0	0	0	0	0	0	0	0	0	0	0	0	0	0	0	0	0	1	1	1	1	1	1	1	1	1	11.81305766	11.81305766	1.658768964	0.012117892	-0.061011221	-0.014090026	-0.003522506	3.88E-04	-0.045370823	43.75930608	12.09276888	60.21972895	0.439459831	600	0	72.29297638	70.64911652	72.03341675	72.06225586	73.21583557	72.72556305	71.485466	103.9681427	91.57601265	88.69235667	71.35680915	70.36592046	70.7276493	72.06938274	68.34195709
AntagonistData	2008-03-28 16:05:20.767 GMT-07:00	24.21973038	0	23.88281059	0	120.3662109	120.3662109	23.94140625	25.05470276	24.80567551	0.014648661	0	0.219729915	0.219729915	0.014648661	23.73632431	23.47264862	1	0	1	1	1	1	1	0	0	0	0	0	0	0	0	0	0	0	0	0	0	0	0	0	0	0	1	1	1	1	1	1	1	1	1	11.76613646	11.84433991	1.631398266	0.008207792	-0.061011221	-0.014090026	0.008207792	3.88E-04	-0.045370823	44.02457106	12.19496496	60.21972895	0.439459831	600	0	72.29297638	70.64911652	72.06225586	72.06225586	73.21583557	72.72556305	71.485466	104.4819145	91.8473613	88.69235667	71.35716941	70.36599206	70.7253852	72.06137913	68.34195709
AntagonistData	2008-03-28 16:05:21.267 GMT-07:00	24.20508194	0	23.92675591	0	120.3662109	120.3662109	23.92675591	25.0693531	24.82032585	0.014648661	0	0.219729915	0.219729915	0.014648661	23.73632431	23.48729706	1	0	1	1	1	1	1	0	0	0	0	0	0	0	0	0	0	0	0	0	0	0	0	0	0	0	1	1	1	1	1	1	1	1	1	11.71921527	11.81305766	1.611847404	0.012117892	-0.061011221	-0.014090026	-0.003522506	-0.003522506	-0.045370823	43.87871284	11.997428	60.21972895	0.439459831	600	0	72.29297638	70.64911652	72.06225586	72.06225586	73.18699646	72.66788483	71.485466	104.4819145	91.8473613	88.9296262	71.36524387	70.366496	70.7253373	72.06398332	68.34195709
AntagonistData	2008-03-28 16:05:21.736 GMT-07:00	24.23437881	0	23.88281059	0	120.4394531	120.3662109	24.04394531	25.05470276	24.82032585	0	0	0.219729915	0.219729915	0.014648661	23.73632431	23.48729706	1	0	1	1	1	1	1	0	0	0	0	0	0	0	0	0	0	0	0	0	0	0	0	0	0	0	1	1	1	1	1	1	1	1	1	11.79741726	11.84433991	1.627488167	0.008207792	-0.076653075	-0.014090026	3.88E-04	0.004297693	-0.045370823	43.95146565	12.10948191	60.21972895	0.439459831	600	0	72.29297638	70.64911652	72.09109497	72.06225586	73.18699646	72.66788483	71.485466	105.1165719	92.14886776	88.9296262	71.35644489	70.36732757	70.72081462	72.06310857	68.25543976
AntagonistData	2008-03-28 16:05:22.236 GMT-07:00	24.21973038	0	23.79491806	0	120.3662109	120.4394531	23.95605469	25.05470276	24.82032585	0.014648661	0	0.219729915	0.14648661	0.014648661	23.73632431	23.48729706	1	0	1	1	1	1	1	0	0	0	0	0	0	0	0	0	0	0	0	0	0	0	0	0	0	0	1	1	1	1	1	1	1	1	1	11.76613646	11.84433991	1.635308366	0.016027992	-0.076653075	-0.014090026	3.88E-04	3.88E-04	-0.045370823	44.01534425	11.8215246	60.21972895	0.439459831	600	0	72.29297638	70.64911652	72.09109497	72.00457764	73.21583557	72.66788483	71.485466	105.1165719	92.14886776	89.255861	71.36021385	70.36357262	70.72283273	72.06464261	68.25543976
AntagonistData	2008-03-28 16:05:22.736 GMT-07:00	24.20508194	0	23.91210747	0	120.3662109	120.4394531	23.97070313	25.05470276	24.82032585	0.029297322	0	0.219729915	0.219729915	0	23.73632431	23.48729706	1	0	1	1	1	1	1	0	0	0	0	0	0	0	0	0	0	0	0	0	0	0	0	0	0	0	1	1	1	1	1	1	1	1	1	11.73485566	11.81305766	1.639218465	0.016027992	-0.076653075	-0.014090026	-0.003522506	3.88E-04	-0.045370823	44.01590275	12.08292653	60.21972895	0.659189746	600	0	72.23529053	70.64911652	72.09109497	72.00457764	73.21583557	72.66788483	71.485466	105.6907864	92.14886776	89.255861	71.35627166	70.36974696	70.72414304	72.06095778	68.34195709
AntagonistData	2008-03-28 16:05:23.236 GMT-07:00	24.23437881	0	23.79491806	0	120.3662109	120.4394531	23.97070313	25.05470276	24.86427116	0.043945983	0	0.219729915	0.219729915	0.014648661	23.73632431	23.48729706	1	0	1	1	1	1	1	0	0	0	0	0	0	0	0	0	0	0	0	0	0	0	0	0	0	0	1	1	1	1	1	1	1	1	1	11.76613646	11.81305766	1.647038665	0.012117892	-0.061011221	-0.014090026	0.008207792	3.88E-04	-0.045370823	43.98808283	12.0254455	60.21972895	0.439459831	600	0	72.23529053	70.64911652	72.06225586	72.03341675	73.21583557	72.66788483	71.485466	105.6907864	92.45036625	89.49313052	71.35916344	70.36188965	70.72929671	72.07042125	68.34195709
AntagonistData	2008-03-28 16:05:23.736 GMT-07:00	24.1904335	0	23.86816216	0	120.3662109	120.4394531	24	25.05470276	24.8789196	0.014648661	0	0.219729915	0.219729915	0.014648661	23.73632431	23.48729706	1	0	1	1	1	1	1	0	0	0	0	0	0	0	0	0	0	0	0	0	0	0	0	0	0	0	1	1	1	1	1	1	1	1	1	11.75049606	11.85998031	1.635308366	0.008207792	-0.061011221	-0.014090026	3.88E-04	3.88E-04	-0.045370823	43.87938382	11.9029538	60.43946147	0.439459831	600	0	72.29297638	70.67795563	72.06225586	72.03341675	73.21583557	72.66788483	71.485466	106.2347796	92.45036625	89.49313052	71.35537925	70.36911466	70.72713835	72.07744639	68.34195709
AntagonistData	2008-03-28 16:05:24.236 GMT-07:00	24.21973038	0	23.92675591	0	120.3662109	120.4394531	23.91210747	25.04005432	24.82032585	0.014648661	0	0.219729915	0.219729915	0.014648661	23.73632431	23.48729706	1	0	1	1	1	1	1	0	0	0	0	0	0	0	0	0	0	0	0	0	0	0	0	0	0	0	1	1	1	1	1	1	1	1	1	11.81305766	11.79741726	1.643128565	0.012117892	-0.076653075	-0.014090026	3.88E-04	3.88E-04	-0.045370823	43.93179553	11.96652796	60.21972895	0.439459831	600	0	72.29297638	70.67795563	72.06225586	72.06225586	73.21583557	72.66788483	71.485466	106.2347796	92.75187272	89.76004991	71.35514236	70.37362883	70.72934373	72.07514882	68.34195709
AntagonistData	2008-03-28 16:05:24.736 GMT-07:00	24.21973038	0	23.76562119	0	120.3662109	120.4394531	24.04394531	25.05470276	24.86427116	0.029297322	0	0.219729915	0.219729915	0	23.73632431	23.48729706	1	0	1	1	1	1	1	0	0	0	0	0	0	0	0	0	0	0	0	0	0	0	0	0	0	0	1	1	1	1	1	1	1	1	1	11.76613646	11.81305766	1.627488167	0.016027992	-0.045370823	-0.014090026	3.88E-04	3.88E-04	-0.045370823	44.00360129	11.97507626	60.21972895	0.439459831	600	0	72.29297638	70.64911652	72.06225586	72.06225586	73.21583557	72.66788483	71.485466	106.2347796	92.75187272	89.76004991	71.36282332	70.37239679	70.72862859	72.07866409	68.3707962
AntagonistData	2008-03-28 16:05:25.236 GMT-07:00	24.21973038	0	23.88281059	0	120.3662109	120.3662109	23.92675591	25.05470276	24.83497429	0.014648661	0	0.219729915	0.219729915	0.014648661	23.73632431	23.48729706	1	0	1	1	1	1	1	0	0	0	0	0	0	0	0	0	0	0	0	0	0	0	0	0	0	0	1	1	1	1	1	1	1	1	1	11.79741726	11.81305766	1.658768964	0.008207792	-0.061011221	-0.014090026	3.88E-04	3.88E-04	-0.045370823	43.92929679	11.95298218	60.43946147	0.439459831	600	0	72.29297638	70.64911652	72.09109497	72.09109497	73.21583557	72.66788483	71.485466	106.8392156	93.02322933	90.05663485	71.36043736	70.37309816	70.7281006	72.07891126	68.3707962
AntagonistData	2008-03-28 16:05:25.736 GMT-07:00	24.20508194	0	23.79491806	0	120.3662109	120.4394531	23.92675591	25.05470276	24.84962273	0.014648661	0	0.219729915	0.219729915	0.014648661	23.73632431	23.48729706	1	0	1	1	1	1	1	0	0	0	0	0	0	0	0	0	0	0	0	0	0	0	0	0	0	0	1	1	1	1	1	1	1	1	1	11.76613646	11.84433991	1.643128565	0.012117892	-0.061011221	-0.014090026	-0.003522506	3.88E-04	-0.045370823	42.99658263	11.00619619	60.21972895	0.659189746	600	0	72.32181549	70.64911652	72.09109497	72.09109497	73.21583557	72.66788483	71.485466	106.8392156	93.02322933	90.05663485	71.36082734	70.36954619	70.73315018	72.08557225	68.31311798
AntagonistData	2008-03-28 16:05:26.236 GMT-07:00	24.1904335	0	23.79491806	0	120.3662109	120.3662109	23.94140625	25.05470276	24.86427116	0.029297322	0	0.219729915	0.219729915	0.029297322	23.73632431	23.48729706	1	0	1	1	1	1	1	0	0	0	0	0	0	0	0	0	0	0	0	0	0	0	0	0	0	0	1	1	1	1	1	1	1	1	1	11.75049606	11.79741726	1.627488167	0.012117892	-0.061011221	-0.014090026	0.008207792	3.88E-04	-0.045370823	42.993554	10.21583784	60.21972895	0.439459831	600	0	72.32181549	70.67795563	72.09109497	72.06225586	73.21583557	72.66788483	71.485466	107.4436516	93.32472782	90.3828775	71.36632877	70.36673671	70.73113246	72.08920686	68.31311798
AntagonistData	2008-03-28 16:05:26.736 GMT-07:00	24.21973038	0	23.92675591	0	120.3662109	120.4394531	24.01464844	25.05470276	24.84962273	0	0	0.219729915	0.219729915	0.014648661	23.73632431	23.48729706	1	0	1	1	1	1	1	0	0	0	0	0	0	0	0	0	0	0	0	0	0	0	0	0	0	0	1	1	1	1	1	1	1	1	1	11.79741726	11.81305766	1.627488167	0.012117892	-0.061011221	-0.014090026	-0.003522506	3.88E-04	-0.045370823	43.00555383	10.17953774	60.43946147	0.659189746	540	0	72.26413727	70.67795563	72.09109497	72.06225586	73.21583557	72.66788483	71.485466	107.4436516	93.32472782	90.3828775	71.36334413	70.35717416	70.72660643	72.08836608	68.34195709
AntagonistData	2008-03-28 16:05:27.252 GMT-07:00	24.20508194	0	23.76562119	0	120.3662109	120.3662109	23.98535156	25.05470276	24.8789196	0.029297322	0	0.219729915	0.219729915	0.014648661	23.73632431	23.48729706	1	0	1	1	1	1	1	0	0	0	0	0	0	0	0	0	0	0	0	0	0	0	0	0	0	0	1	1	1	1	1	1	1	1	1	11.79741726	11.81305766	1.654858864	0.012117892	-0.061011221	-0.014090026	-0.003522506	3.88E-04	-0.045370823	42.95597903	10.46275904	60.21972895	0.219729915	660	0	72.26413727	70.64911652	72.09109497	72.06225586	73.21583557	72.66788483	71.485466	107.9272019	93.59608444	90.62013918	71.36178844	70.36313716	70.72263176	72.08091855	68.34195709
AntagonistData	2008-03-28 16:05:27.736 GMT-07:00	24.21973038	0	23.92675591	0	120.3662109	120.4394531	24.04394531	25.04005432	24.83497429	0	0	0.219729915	0.219729915	0.014648661	23.73632431	23.48729706	1	0	1	1	1	1	1	0	0	0	0	0	0	0	0	0	0	0	0	0	0	0	0	0	0	0	1	1	1	1	1	1	1	1	1	11.75049606	11.81305766	1.647038665	0.008207792	-0.061011221	-0.014090026	3.88E-04	-0.003522506	-0.045370823	42.7895151	10.04293248	60.21972895	0.439459831	540	0	72.26413727	70.64911652	72.09109497	72.06225586	73.21583557	72.66788483	71.485466	107.9272019	93.59608444	90.62013918	71.36107469	70.35803481	70.72799968	72.07972293	68.34195709
AntagonistData	2008-03-28 16:05:28.236 GMT-07:00	24.23437881	0	23.78026962	0	120.3662109	120.3662109	24.04394531	25.04005432	24.8789196	0.014648661	0	0.219729915	0.219729915	0.014648661	23.73632431	23.48729706	1	0	1	1	1	1	1	0	0	0	0	0	0	0	0	0	0	0	0	0	0	0	0	0	0	0	1	1	1	1	1	1	1	1	1	11.81305766	11.79741726	1.666589163	0.008207792	-0.061011221	-0.014090026	0.008207792	3.88E-04	-0.045370823	42.99187655	10.20715534	60.21972895	0.439459831	600	0	72.29297638	70.6202774	72.06225586	72.03341675	73.21583557	72.66788483	71.485466	108.5014245	93.95788263	90.88706641	71.36197733	70.3583897	70.72098748	72.08452783	68.34195709
AntagonistData	2008-03-28 16:05:28.736 GMT-07:00	24.21973038	0	23.91210747	0	120.3662109	120.3662109	24.02929688	25.05470276	24.83497429	0.014648661	0	0.219729915	0.219729915	0.014648661	23.73632431	23.48729706	1	0	1	1	1	1	1	0	0	0	0	0	0	0	0	0	0	0	0	0	0	0	0	0	0	0	1	1	1	1	1	1	1	1	1	11.73485566	11.79741726	1.619667604	0.008207792	-0.045370823	-0.014090026	3.88E-04	3.88E-04	-0.045370823	42.82117348	10.07327573	60.21972895	0.439459831	600	0	72.29297638	70.6202774	72.06225586	72.03341675	73.18699646	72.66788483	71.485466	108.5014245	93.95788263	90.88706641	71.36127066	70.35403014	70.72535361	72.08355712	68.28427887
AntagonistData	2008-03-28 16:05:29.236 GMT-07:00	24.23437881	0	23.76562119	0	120.3662109	120.3662109	24.02929688	25.05470276	24.8789196	0.014648661	0	0.219729915	0.219729915	0.014648661	23.73632431	23.48729706	1	0	1	1	1	1	1	0	0	0	0	0	0	0	0	0	0	0	0	0	0	0	0	0	0	0	1	1	1	1	1	1	1	1	1	11.76613646	11.81305766	1.643128565	0.012117892	-0.045370823	-0.014090026	3.88E-04	3.88E-04	-0.045370823	42.84456979	10.06717201	60.21972895	0.439459831	600	0	72.26413727	70.64911652	72.06225586	72.03341675	73.18699646	72.66788483	71.485466	109.0454177	94.19908939	90.88706641	71.36324785	70.35189444	70.72916987	72.08370946	68.28427887
AntagonistData	2008-03-28 16:05:29.736 GMT-07:00	24.20508194	0	23.88281059	0	120.3662109	120.4394531	23.92675591	25.05470276	24.82032585	0	0	0.219729915	0.219729915	0.014648661	23.73632431	23.48729706	1	0	1	1	1	1	1	0	0	0	0	0	0	0	0	0	0	0	0	0	0	0	0	0	0	0	1	1	1	1	1	1	1	1	1	11.79741726	11.79741726	1.635308366	0.012117892	-0.045370823	-0.014090026	-0.003522506	3.88E-04	-0.045370823	42.54512899	9.975035986	60.21972895	0.439459831	600	0	72.26413727	70.64911652	72.06225586	72.06225586	73.21583557	72.66788483	71.485466	109.0454177	94.19908939	91.12432808	71.36156377	70.35614845	70.72282594	72.08794102	68.28427887
AntagonistData	2008-03-28 16:05:30.236 GMT-07:00	24.23437881	0	23.92675591	0	120.2929688	120.3662109	24.01464844	25.05470276	24.82032585	0.014648661	0	0.219729915	0.219729915	0.014648661	23.73632431	23.48729706	1	0	1	1	1	1	1	0	0	0	0	0	0	0	0	0	0	0	0	0	0	0	0	0	0	0	1	1	1	1	1	1	1	1	1	11.79741726	11.79741726	1.631398266	0.012117892	-0.061011221	-0.014090026	3.88E-04	3.88E-04	-0.045370823	42.56157609	10.11760614	60.21972895	0.439459831	600	0	72.26413727	70.64911652	72.11993408	72.06225586	73.21583557	72.66788483	71.485466	109.5591895	94.53073773	91.12432808	71.36738271	70.36146621	70.72503067	72.08827941	68.31311798
AntagonistData	2008-03-28 16:05:30.736 GMT-07:00	24.20508194	0	23.92675591	0	120.3662109	120.4394531	23.89745903	25.05470276	24.82032585	0	0	0.219729915	0.14648661	0.014648661	23.73632431	23.48729706	1	0	1	1	1	1	1	0	0	0	0	0	0	0	0	0	0	0	0	0	0	0	0	0	0	0	1	1	1	1	1	1	1	1	1	11.82869951	11.84433991	1.654858864	0.012117892	-0.045370823	-0.014090026	-0.003522506	3.88E-04	-0.045370823	42.9073605	10.38512253	60.21972895	0.439459831	600	0	72.26413727	70.64911652	72.11993408	72.03341675	73.24467468	72.66788483	71.485466	109.5591895	94.53073773	91.36159761	71.36151648	70.36135653	70.73013704	72.08509376	68.31311798
AntagonistData	2008-03-28 16:05:31.236 GMT-07:00	24.21973038	0	23.78026962	0	120.2929688	120.4394531	24.02929688	25.05470276	24.8789196	0.029297322	0	0.219729915	0.219729915	0.014648661	23.73632431	23.48729706	1	0	1	1	1	1	1	0	0	0	0	0	0	0	0	0	0	0	0	0	0	0	0	0	0	0	1	1	1	1	1	1	1	1	1	11.79741726	11.81305766	1.631398266	0.012117892	-0.076653075	-0.014090026	-0.003522506	3.88E-04	-0.045370823	42.70852105	10.29058518	60.21972895	0.439459831	600	0	72.32181549	70.6202774	72.03341675	72.03341675	73.24467468	72.66788483	71.485466	110.0729612	94.53073773	91.36159761	71.35693726	70.36031286	70.72648767	72.08966219	68.3707962
AntagonistData	2008-03-28 16:05:31.736 GMT-07:00	24.23437881	0	23.89745903	0	120.2929688	120.4394531	23.97070313	25.05470276	24.82032585	0	0	0.219729915	0.219729915	0.014648661	23.73632431	23.48729706	1	0	1	1	1	1	1	0	0	0	0	0	0	0	0	0	0	0	0	0	0	0	0	0	0	0	1	1	1	1	1	1	1	1	1	11.82869951	11.81305766	1.639218465	0.008207792	-0.076653075	-0.014090026	3.88E-04	0.004297693	-0.045370823	42.98201312	10.0803774	60.21972895	0.439459831	600	0	72.32181549	70.6202774	72.03341675	72.06225586	73.21583557	72.66788483	71.485466	110.0729612	94.8322442	91.6581747	71.36470484	70.36094529	70.72815101	72.09767545	68.3707962
AntagonistData	2008-03-28 16:05:32.236 GMT-07:00	24.23437881	0	23.89745903	0	120.3662109	120.4394531	24.04394531	25.0693531	24.8789196	0	0	0.219729915	0.219729915	0	23.73632431	23.48729706	1	0	1	1	1	1	1	0	0	0	0	0	0	0	0	0	0	0	0	0	0	0	0	0	0	0	1	1	1	1	1	1	1	1	1	11.76613646	11.84433991	1.647038665	0.012117892	-0.076653075	-0.014090026	-0.003522506	3.88E-04	-0.045370823	43.10669697	10.34139913	60.21972895	0.439459831	600	0	72.26413727	70.67795563	72.03341675	72.06225586	73.21583557	72.66788483	71.485466	110.6169544	94.8322442	91.6581747	71.35333671	70.3620535	70.72447883	72.09119301	68.28427887
AntagonistData	2008-03-28 16:05:32.736 GMT-07:00	24.20508194	0	23.79491806	0	120.3662109	120.4394531	23.98535156	25.0693531	24.86427116	0	0	0.219729915	0.219729915	0	23.73632431	23.48729706	1	0	1	1	1	1	1	0	0	0	0	0	0	0	0	0	0	0	0	0	0	0	0	0	0	0	1	1	1	1	1	1	1	1	1	11.75049606	11.81305766	1.607693196	0.012117892	-0.076653075	-0.014090026	3.88E-04	-0.003522506	-0.045370823	42.89876578	10.05315434	60.43946147	0.439459831	600	0	72.26413727	70.67795563	72.06225586	72.03341675	73.21583557	72.66788483	71.485466	110.6169544	95.10359284	91.95475964	71.35868157	70.35739375	70.72254358	72.08756591	68.28427887
AntagonistData	2008-03-28 16:05:33.236 GMT-07:00	24.20508194	0	23.79491806	0	120.3662109	120.3662109	23.97070313	25.05470276	24.80567551	0.014648661	0	0.219729915	0.219729915	0.014648661	23.73632431	23.48729706	1	0	1	1	1	1	1	0	0	0	0	0	0	0	0	0	0	0	0	0	0	0	0	0	0	0	1	1	1	1	1	1	1	1	1	11.76613646	11.79741726	1.631398266	0.012117892	-0.061011221	-0.014090026	-0.003522506	3.88E-04	-0.045370823	42.65060192	9.731869595	60.21972895	0.219729915	600	0	72.29297638	70.6202774	72.06225586	72.03341675	73.21583557	72.66788483	71.485466	111.191169	95.10359284	91.95475964	71.3545003	70.35622226	70.72233128	72.08346391	68.28427887
AntagonistData	2008-03-28 16:05:33.736 GMT-07:00	24.20508194	0	23.78026962	0	120.3662109	120.3662109	24.01464844	25.05470276	24.83497429	0.029297322	0	0.219729915	0.219729915	0	23.73632431	23.48729706	1	0	1	1	1	1	1	0	0	0	0	0	0	0	0	0	0	0	0	0	0	0	0	0	0	0	1	1	1	1	1	1	1	1	1	11.76613646	11.79741726	1.647038665	0.012117892	-0.061011221	-0.014090026	-0.003522506	3.88E-04	-0.045370823	42.63468892	9.827479095	60.21972895	0.219729915	600	0	72.29297638	70.6202774	72.06225586	72.06225586	73.18699646	72.66788483	71.485466	111.191169	95.37494945	92.22167903	71.35788563	70.36060271	70.72514538	72.07924587	68.28427887
AntagonistData	2008-03-28 16:05:34.236 GMT-07:00	24.1904335	0	23.78026962	0	120.3662109	120.4394531	23.92675591	25.05470276	24.89356804	0.029297322	0	0.219729915	0.219729915	0.014648661	23.73632431	23.48729706	1	0	1	1	1	1	1	0	0	0	0	0	0	0	0	0	0	0	0	0	0	0	0	0	0	0	1	1	1	1	1	1	1	1	1	11.79741726	11.84433991	1.639218465	0.012117892	-0.076653075	-0.014090026	3.88E-04	3.88E-04	-0.045370823	42.45489003	9.735012472	60.21972895	0.439459831	540	0	72.29297638	70.6202774	72.06225586	72.06225586	73.18699646	72.66788483	71.485466	111.191169	95.37494945	92.22167903	71.35661656	70.36118945	70.72203448	72.07015453	68.34195709
AntagonistData	2008-03-28 16:05:34.736 GMT-07:00	24.23437881	0	23.76562119	0	120.2929688	120.4394531	24.01464844	25.05470276	24.86427116	0.029297322	0	0.219729915	0.219729915	0.014648661	23.73632431	23.48729706	1	0	1	1	1	1	1	0	0	0	0	0	0	0	0	0	0	0	0	0	0	0	0	0	0	0	1	1	1	1	1	1	1	1	1	11.75049606	11.79741726	1.639218465	0.012117892	-0.061011221	-0.014090026	0.008207792	0.004297693	-0.045370823	42.77675066	9.88202321	60.21972895	0.439459831	600	0	72.29297638	70.67795563	72.09109497	72.06225586	73.24467468	72.66788483	71.485466	111.7653835	95.67645592	92.39963313	71.35762915	70.36208374	70.72169022	72.0717969	68.34195709
AntagonistData	2008-03-28 16:05:35.236 GMT-07:00	24.1904335	0	23.8095665	0	120.3662109	120.4394531	23.91210747	25.05470276	24.89356804	0.029297322	0	0.219729915	0.14648661	0.014648661	23.73632431	23.48729706	1	0	1	1	1	1	1	0	0	0	0	0	0	0	0	0	0	0	0	0	0	0	0	0	0	0	1	1	1	1	1	1	1	1	1	11.81305766	11.79741726	1.643128565	0.012117892	-0.076653075	-0.014090026	3.88E-04	3.88E-04	-0.045370823	42.4885733	9.870684938	60.43946147	0.439459831	660	0	72.29297638	70.67795563	72.09109497	72.06225586	73.24467468	72.66788483	71.485466	111.7653835	95.67645592	92.39963313	71.35512883	70.36684649	70.71789792	72.06957215	68.39963531
AntagonistData	2008-03-28 16:05:35.752 GMT-07:00	24.21973038	0	23.82421684	0	120.3662109	120.4394531	24.02929688	25.05470276	24.80567551	0.014648661	0	0.219729915	0.219729915	0.014648661	23.73632431	23.48729706	1	0	1	1	1	1	1	0	0	0	0	0	0	0	0	0	0	0	0	0	0	0	0	0	0	0	1	1	1	1	1	1	1	1	1	11.82869951	11.84433991	1.639218465	0.008207792	-0.076653075	-0.014090026	3.88E-04	-0.003522506	-0.045370823	43.62445109	11.53490432	60.43946147	0.439459831	540	0	72.29297638	70.6202774	72.09109497	72.03341675	73.18699646	72.66788483	71.485466	112.3395981	95.94780456	92.69621023	71.36090502	70.36501792	70.71898051	72.07511598	68.39963531
AntagonistData	2008-03-28 16:05:36.236 GMT-07:00	24.1904335	0	23.79491806	0	120.3662109	120.4394531	23.92675591	25.05470276	24.86427116	0	0	0.219729915	0.219729915	0.014648661	23.73632431	23.48729706	1	0	1	1	1	1	1	0	0	0	0	0	0	0	0	0	0	0	0	0	0	0	0	0	0	0	1	1	1	1	1	1	1	1	1	11.73485566	11.78177686	1.654858864	0.012117892	-0.076653075	-0.014090026	3.88E-04	3.88E-04	-0.045370823	43.61211214	11.41607644	60.21972895	0.439459831	600	0	72.29297638	70.6202774	72.09109497	72.03341675	73.18699646	72.66788483	71.485466	112.3395981	95.94780456	92.69621023	71.36466992	70.36499006	70.71962594	72.07256481	68.25543976
AntagonistData	2008-03-28 16:05:36.752 GMT-07:00	24.23437881	0	23.83886528	0	120.3662109	120.4394531	24.04394531	25.05470276	24.82032585	0.014648661	0	0.219729915	0.219729915	0.014648661	23.73632431	23.48729706	1	0	1	1	1	1	1	0	0	0	0	0	0	0	0	0	0	0	0	0	0	0	0	0	0	0	1	1	1	1	1	1	1	1	1	11.73485566	11.79741726	1.635308366	0.008207792	-0.061011221	-0.014090026	3.88E-04	3.88E-04	-0.045370823	43.31307541	11.20929309	60.21972895	0.439459831	600	0	72.29297638	70.64911652	72.11993408	72.06225586	73.18699646	72.66788483	71.485466	112.8231485	96.21916118	92.87415648	71.3583773	70.36062301	70.71817144	72.06989472	68.25543976
AntagonistData	2008-03-28 16:05:37.236 GMT-07:00	24.20508194	0	23.8095665	0	120.2929688	120.4394531	23.97070313	25.05470276	24.83497429	0.029297322	0	0.219729915	0.219729915	0	23.73632431	23.48729706	1	0	1	1	1	1	1	0	0	0	0	0	0	0	0	0	0	0	0	0	0	0	0	0	0	0	1	1	1	1	1	1	1	1	1	11.75049606	11.79741726	1.635308366	0.008207792	-0.045370823	-0.014090026	3.88E-04	3.88E-04	-0.045370823	43.55724827	11.15667472	60.21972895	0.439459831	600	0	72.29297638	70.64911652	72.11993408	72.06225586	73.24467468	72.66788483	71.485466	112.8231485	96.21916118	92.87415648	71.36362576	70.36722753	70.71586915	72.07107391	68.31311798
AntagonistData	2008-03-28 16:05:37.736 GMT-07:00	24.20508194	0	23.86816216	0	120.3662109	120.4394531	23.94140625	25.05470276	24.82032585	0	0	0.219729915	0.219729915	0.014648661	23.73632431	23.48729706	1	0	1	1	1	1	1	0	0	0	0	0	0	0	0	0	0	0	0	0	0	0	0	0	0	0	1	1	1	1	1	1	1	1	1	11.79741726	11.81305766	1.619667604	0.008207792	-0.076653075	-0.014090026	-0.003522506	3.88E-04	-0.045370823	43.49349313	11.15343848	60.21972895	0.439459831	600	0	72.26413727	70.64911652	72.09109497	72.06225586	73.24467468	72.66788483	71.485466	113.3066989	96.52065967	93.08176829	71.36703018	70.36820572	70.72446148	72.06485478	68.31311798
AntagonistData	2008-03-28 16:05:38.236 GMT-07:00	24.21973038	0	23.88281059	0	120.2929688	120.4394531	24.02929688	25.05470276	24.82032585	0	0	0.219729915	0.219729915	0.014648661	23.73632431	23.48729706	1	0	1	1	1	1	1	0	0	0	0	0	0	0	0	0	0	0	0	0	0	0	0	0	0	0	1	1	1	1	1	1	1	1	1	11.84433991	11.79741726	1.631398266	0.008207792	-0.076653075	-0.014090026	3.88E-04	3.88E-04	-0.045370823	43.24946636	10.90171516	60.00000238	0.439459831	600	0	72.26413727	70.64911652	72.09109497	72.09109497	73.21583557	72.66788483	71.485466	113.3066989	96.52065967	93.08176829	71.36376588	70.36646799	70.71618379	72.05847377	68.31311798
AntagonistData	2008-03-28 16:05:38.736 GMT-07:00	24.1904335	0	23.92675591	0	120.3662109	120.3662109	23.94140625	25.05470276	24.8789196	0.029297322	0	0.219729915	0.219729915	0.014648661	23.73632431	23.48729706	1	0	1	1	1	1	1	0	0	0	0	0	0	0	0	0	0	0	0	0	0	0	0	0	0	0	1	1	1	1	1	1	1	1	1	11.75049606	11.79741726	1.627488167	0.008207792	-0.045370823	-0.014090026	-0.003522506	-0.003522506	-0.045370823	43.62139537	11.09374218	60.43946147	0.659189746	600	0	72.29297638	70.64911652	72.09109497	72.09109497	73.21583557	72.66788483	71.485466	113.7902492	96.79201628	93.08176829	71.36807329	70.37475855	70.7192821	72.066116	68.28427887
AntagonistData	2008-03-28 16:05:39.236 GMT-07:00	24.21973038	0	23.91210747	0	120.3662109	120.4394531	23.95605469	25.05470276	24.83497429	0	0	0.219729915	0.219729915	0.014648661	23.73632431	23.48729706	1	0	1	1	1	1	1	0	0	0	0	0	0	0	0	0	0	0	0	0	0	0	0	0	0	0	1	1	1	1	1	1	1	1	1	11.79741726	11.79741726	1.631398266	0.012117892	-0.076653075	-0.014090026	-0.003522506	3.88E-04	-0.045370823	43.47867365	11.44024493	60.21972895	0.439459831	540	0	72.29297638	70.64911652	72.09109497	72.03341675	73.18699646	72.66788483	71.485466	113.7902492	96.79201628	93.28937226	71.37061867	70.36471264	70.7215122	72.07118165	68.28427887
AntagonistData	2008-03-28 16:05:39.736 GMT-07:00	24.1904335	0	23.8095665	0	120.3662109	120.4394531	23.91210747	25.05470276	24.89356804	0.014648661	0	0.219729915	0.219729915	0.014648661	23.73632431	23.48729706	1	0	1	1	1	1	1	0	0	0	0	0	0	0	0	0	0	0	0	0	0	0	0	0	0	0	1	1	1	1	1	1	1	1	1	11.79741726	11.79741726	1.631398266	0.016027992	-0.061011221	-0.014090026	0.008207792	3.88E-04	-0.045370823	43.64199055	11.76030312	60.21972895	0.439459831	600	0	72.26413727	70.64911652	72.09109497	72.03341675	73.18699646	72.66788483	71.485466	114.2737996	97.12366462	93.28937226	71.36912049	70.37076854	70.7204379	72.07341955	68.34195709
AntagonistData	2008-03-28 16:05:40.236 GMT-07:00	24.20508194	0	23.79491806	0	120.3662109	120.4394531	23.98535156	25.04005432	24.86427116	0.014648661	0	0.219729915	0.219729915	0.014648661	23.73632431	23.48729706	1	0	1	1	1	1	1	0	0	0	0	0	0	0	0	0	0	0	0	0	0	0	0	0	0	0	1	1	1	1	1	1	1	1	1	11.76613646	11.79741726	1.619667604	0.012117892	-0.076653075	-0.014090026	3.88E-04	0.004297693	-0.045370823	43.92706108	11.97007879	60.21972895	0.439459831	600	0	72.26413727	70.64911652	72.09109497	72.06225586	73.21583557	72.66788483	71.485466	114.2737996	97.12366462	93.52664178	71.3686574	70.36579647	70.71479733	72.08930163	68.34195709
AntagonistData	2008-03-28 16:05:40.736 GMT-07:00	24.21973038	0	23.76562119	0	120.3662109	120.4394531	23.94140625	25.05470276	24.82032585	0.014648661	0	0.219729915	0.219729915	0.014648661	23.73632431	23.48729706	1	0	1	1	1	1	1	0	0	0	0	0	0	0	0	0	0	0	0	0	0	0	0	0	0	0	1	1	1	1	1	1	1	1	1	11.79741726	11.79741726	1.635308366	0.012117892	-0.076653075	-0.014090026	0.008207792	3.88E-04	-0.045370823	44.14963676	11.98789743	60.21972895	0.439459831	600	0	72.29297638	70.67795563	72.09109497	72.06225586	73.21583557	72.66788483	71.485466	114.6968992	97.12366462	93.52664178	71.37084431	70.36959506	70.7227466	72.08300295	68.34195709
AntagonistData	2008-03-28 16:05:41.236 GMT-07:00	24.21973038	0	23.73632431	0	120.3662109	120.3662109	24.04394531	25.05470276	24.89356804	0.043945983	0	0.219729915	0.219729915	0.014648661	23.73632431	23.48729706	1	0	1	1	1	1	1	0	0	0	0	0	0	0	0	0	0	0	0	0	0	0	0	0	0	0	1	1	1	1	1	1	1	1	1	11.76613646	11.81305766	1.631398266	0.012117892	-0.061011221	-0.014090026	3.88E-04	3.88E-04	-0.045370823	43.93929173	11.91826291	60.21972895	0.439459831	600	0	72.29297638	70.67795563	72.06225586	72.03341675	73.18699646	72.66788483	71.485466	114.6968992	97.33472154	93.79356117	71.3652186	70.36373813	70.72402992	72.08044213	68.34195709
AntagonistData	2008-03-28 16:05:41.736 GMT-07:00	24.1904335	0	23.82421684	0	120.3662109	120.3662109	23.94140625	25.05470276	24.82032585	0	0	0.219729915	0.219729915	0.014648661	23.73632431	23.48729706	1	0	1	1	1	1	1	0	0	0	0	0	0	0	0	0	0	0	0	0	0	0	0	0	0	0	1	1	1	1	1	1	1	1	1	11.76613646	11.79741726	1.635308366	0.008207792	-0.045370823	-0.014090026	3.88E-04	0.004297693	-0.045370823	43.27751338	11.02933585	60.21972895	0.439459831	600	0	72.29297638	70.64911652	72.06225586	72.03341675	73.18699646	72.66788483	71.485466	115.1200068	97.33472154	93.79356117	71.37311897	70.3655214	70.7289788	72.085399	68.34195709
AntagonistData	2008-03-28 16:05:42.236 GMT-07:00	24.20508194	0	23.85351372	0	120.3662109	120.3662109	23.94140625	25.05470276	24.84962273	0.014648661	0	0.219729915	0.219729915	0.014648661	23.73632431	23.48729706	1	0	1	1	1	1	1	0	0	0	0	0	0	0	0	0	0	0	0	0	0	0	0	0	0	0	1	1	1	1	1	1	1	1	1	11.71921527	11.78177686	1.619667604	0.012117892	-0.061011221	-0.014090026	0.008207792	-0.003522506	-0.045370823	42.89955486	10.20649777	60.43946147	0.439459831	600	0	72.29297638	70.64911652	72.09109497	72.09109497	73.21583557	72.66788483	71.485466	115.1200068	97.57592033	94.00117298	71.37205636	70.36366978	70.72265829	72.08650981	68.34195709
AntagonistData	2008-03-28 16:05:42.736 GMT-07:00	24.21973038	0	23.88281059	0	120.3662109	120.3662109	23.91210747	25.05470276	24.82032585	0.014648661	0	0.219729915	0.219729915	0.014648661	23.73632431	23.48729706	1	0	1	1	1	1	1	0	0	0	0	0	0	0	0	0	0	0	0	0	0	0	0	0	0	0	1	1	1	1	1	1	1	1	1	11.81305766	11.79741726	1.643128565	0.012117892	-0.045370823	-0.014090026	3.88E-04	3.88E-04	-0.045370823	43.04957438	10.10121051	60.21972895	0.439459831	600	0	72.29297638	70.64911652	72.09109497	72.09109497	73.21583557	72.66788483	71.485466	115.1200068	97.57592033	94.00117298	71.36437961	70.36746452	70.72895281	72.09140271	68.28427887
