ExperimentControl	450	"StartTime = Mar 28, 2008 16:13:13.333"	"EndTime = Mar 28, 2008 16:14:28.475"	OperationCode = D1B1L1	OperationMode = 34	TestArticleName = none	"Comments = ""B1->L1A-1D. 2 simultaneous faults, 1 HW inverter fault and 1 load sensor stuck at fault (stuck at pre-inverter-fault value).   EXPERIMENT STOPPED"""	FaultType = abrupt	FaultMode = stk600/HW	FaultLocation = ST515/Inv1	FaultInjection = software/hardware																																																																							
SensorData	Time	E135	E140	E142	E161	E165	E167	E181	E235	E240	E242	E261	E265	E267	E281	E335	E340	ESH141A	ESH144A	ESH160A	ESH170	ESH171	ESH172	ESH173	ESH174	ESH175	ESH183	ESH184	ESH241A	ESH244A	ESH260A	ESH270	ESH271	ESH272	ESH273	ESH274	ESH275	ESH283	ESH284	ESH341A	ESH344A	FT520	FT525	ISH136	ISH162	ISH166	ISH180	ISH236	ISH262	ISH266	ISH280	ISH336	IT140	IT161	IT167	IT181	IT240	IT261	IT267	IT281	IT340	LT500	LT505	ST165	ST265	ST515	ST516	TE128	TE129	TE133	TE228	TE229	TE328	TE329	TE500	TE501	TE502	TE505	TE506	TE507	TE510	TE511
AntagonistData	2008-03-28 16:13:14.252 GMT-07:00	24.79102707	24.79102707	0	0.014648661	0.14648661	0.073243305	0.014648661	25.05470276	25.04005432	0	0	0.29297322	0.219729915	0.014648661	23.73632431	23.72167587	0	0	0	0	0	0	0	0	0	0	0	0	0	0	0	0	0	0	0	0	0	0	0	0	0	0	1	1	1	1	1	1	1	1	1	0.048471568	0.079752365	-0.007432606	0.012117892	-0.061011221	-0.014090026	-0.003522506	3.88E-04	-0.045370823	11.61398968	9.252697792	0.219729915	0.439459831	0	0	72.3506546	70.73563385	72.11993408	72.11993408	73.24467468	72.69672394	71.485466	74.16938782	73.57627367	72.46934635	71.47493219	70.56517664	70.8932272	72.23048341	68.45731354
AntagonistData	2008-03-28 16:13:14.768 GMT-07:00	24.77637863	24.79102707	0	0.014648661	0.14648661	0.073243305	0.014648661	25.05470276	25.04005432	0	0	0.219729915	0.219729915	0.014648661	23.73632431	23.72167587	0	0	0	0	0	0	0	0	0	0	0	0	0	0	0	0	0	0	0	0	0	0	0	0	0	0	1	1	1	1	1	1	1	1	1	0.048471568	0.079752365	-0.003522506	0.008207792	-0.061011221	-0.014090026	-0.003522506	0.004297693	-0.045370823	11.77767618	9.431495319	0	0.219729915	0	0	72.3506546	70.73563385	72.11993408	72.11993408	73.24467468	72.69672394	71.485466	74.16938782	73.57627367	72.46934635	71.47499125	70.55533127	70.8934482	72.23184328	68.39963531
AntagonistData	2008-03-28 16:13:15.268 GMT-07:00	24.77637863	24.79102707	0	0.014648661	0.14648661	0.073243305	0	25.05470276	25.04005432	0.014648661	0	0.219729915	0.14648661	0.014648661	23.73632431	23.72167587	0	0	0	0	0	0	0	0	0	0	0	0	0	0	0	0	0	0	0	0	0	0	0	0	0	0	1	1	1	1	1	1	1	1	1	0.048471568	0.079752365	3.88E-04	0.008207792	-0.045370823	-0.014090026	3.88E-04	3.88E-04	-0.045370823	11.93824743	9.907186333	0.439459831	0.439459831	0	0	72.29297638	70.67795563	72.14877319	72.09109497	73.24467468	72.69672394	71.485466	74.07872363	73.57627367	72.46934635	71.48377525	70.55738746	70.89905926	72.22395177	68.39963531
AntagonistData	2008-03-28 16:13:15.752 GMT-07:00	24.79102707	24.79102707	0	0.014648661	0.14648661	0.14648661	0	25.05470276	25.04005432	0	0	0.219729915	0.219729915	0.014648661	23.73632431	23.72167587	0	0	0	0	0	0	0	0	0	0	0	0	0	0	0	0	0	0	0	0	0	0	0	0	0	0	1	1	1	1	1	1	1	1	1	0.048471568	0.079752365	3.88E-04	0.012117892	-0.061011221	-0.014090026	-0.003522506	0.004297693	-0.045370823	12.01860686	10.04723628	0.219729915	0.439459831	0	0	72.29297638	70.67795563	72.14877319	72.09109497	73.24467468	72.69672394	71.485466	74.07872363	73.57627367	72.46934635	71.47479105	70.55794985	70.89744956	72.21695084	68.39963531
AntagonistData	2008-03-28 16:13:16.268 GMT-07:00	24.79102707	24.77637863	0.014648661	0.029297322	0.073243305	0.073243305	0.014648661	25.05470276	25.04005432	0.014648661	0	0.29297322	0.219729915	0.014648661	23.73632431	23.72167587	0	0	0	0	0	0	0	0	0	0	0	0	0	0	0	0	0	0	0	0	0	0	0	0	0	0	1	1	1	1	1	1	1	1	1	0.048471568	0.079752365	3.88E-04	0.008207792	-0.045370823	-0.014090026	0.008207792	3.88E-04	-0.045370823	12.07252693	10.06591104	0.219729915	0.439459831	0	0	72.3506546	70.70679474	72.11993408	72.09109497	73.24467468	72.69672394	71.485466	74.10894502	73.54612382	72.46934635	71.48087599	70.55443055	70.8923216	72.21215305	68.51499176
AntagonistData	2008-03-28 16:13:16.752 GMT-07:00	24.79102707	24.79102707	0	0.014648661	0.073243305	0.073243305	0	25.05470276	25.04005432	0.029297322	0	0.219729915	0.219729915	0.014648661	23.73632431	23.72167587	0	0	0	0	0	0	0	0	0	0	0	0	0	0	0	0	0	0	0	0	0	0	0	0	0	0	1	1	1	1	1	1	1	1	1	0.048471568	0.079752365	3.88E-04	0.012117892	-0.076653075	-0.014090026	3.88E-04	0.004297693	-0.045370823	12.04622446	10.11391306	0.219729915	0.439459831	0	0	72.3506546	70.70679474	72.11993408	72.06225586	73.24467468	72.69672394	71.485466	74.10894502	73.54612382	72.38037322	71.48179965	70.5520179	70.8947449	72.21380106	68.51499176
AntagonistData	2008-03-28 16:13:17.299 GMT-07:00	24.77637863	24.79102707	0	0.014648661	0.14648661	0.073243305	0.014648661	25.05470276	25.04005432	0	0	0.29297322	0.219729915	0.014648661	23.73632431	23.72167587	0	0	0	0	0	0	0	0	0	0	0	0	0	0	0	0	0	0	0	0	0	0	0	0	0	0	1	1	1	1	1	1	1	1	1	0.064111967	0.079752365	-0.003522506	0.012117892	-0.076653075	-0.014090026	-0.003522506	3.88E-04	-0.045370823	11.99361951	10.09800006	0.219729915	0.659189746	0	0	72.3506546	70.64911652	72.11993408	72.06225586	73.24467468	72.69672394	71.485466	74.07872363	73.57627367	72.38037322	71.4778298	70.55782488	70.89832511	72.21267594	68.42847443
AntagonistData	2008-03-28 16:13:17.768 GMT-07:00	24.79102707	24.77637863	0	0.014648661	0.073243305	0.073243305	0.014648661	25.04005432	25.05470276	0	0	0.219729915	0.219729915	0.014648661	23.73632431	23.72167587	0	0	0	0	0	0	0	0	0	0	0	0	0	0	0	0	0	0	0	0	0	0	0	0	0	0	1	1	1	1	1	1	1	1	1	0.03283117	0.079752365	3.88E-04	0.008207792	-0.061011221	-0.014090026	-0.003522506	0.004297693	-0.045370823	11.51122952	9.436428323	0.219729915	0.439459831	0	0	72.3506546	70.64911652	72.11993408	72.11993408	73.24467468	72.69672394	71.485466	74.07872363	73.57627367	72.41003093	71.47886359	70.55458779	70.8983261	72.21092091	68.42847443
AntagonistData	2008-03-28 16:13:18.283 GMT-07:00	24.79102707	24.79102707	0.029297322	0.014648661	0.14648661	0.14648661	0	25.05470276	25.04005432	0.014648661	0	0.29297322	0.219729915	0	23.73632431	23.72167587	0	0	0	0	0	0	0	0	0	0	0	0	0	0	0	0	0	0	0	0	0	0	0	0	0	0	1	1	1	1	1	1	1	1	1	0.048471568	0.079752365	-0.003522506	0.012117892	-0.045370823	-0.014090026	3.88E-04	3.88E-04	-0.045370823	11.3217496	8.552340427	0.219729915	0.439459831	0	0	72.32181549	70.70679474	72.11993408	72.11993408	73.24467468	72.69672394	71.485466	73.98805943	73.57627367	72.41003093	71.47753057	70.55157273	70.89128394	72.21560637	68.51499176
AntagonistData	2008-03-28 16:13:18.783 GMT-07:00	24.79102707	24.79102707	0	0.029297322	0.14648661	0.073243305	0.014648661	25.05470276	25.04005432	0.029297322	0.014648661	0.29297322	0.219729915	0.014648661	23.73632431	23.72167587	0	0	0	0	0	0	0	0	0	0	0	0	0	0	0	0	0	0	0	0	0	0	0	0	0	0	1	1	1	1	1	1	1	1	1	0.064111967	0.079752365	3.88E-04	0.008207792	-0.061011221	-0.014090026	-0.003522506	0.004297693	-0.045370823	10.71712682	8.1135685	0.219729915	0.219729915	0	0	72.32181549	70.70679474	72.14877319	72.11993408	73.24467468	72.69672394	71.485466	73.98805943	73.54612382	72.41003093	71.48069172	70.55542947	70.89461882	72.20939393	68.51499176
AntagonistData	2008-03-28 16:13:19.268 GMT-07:00	24.77637863	24.77637863	0	0.014648661	0.073243305	0.073243305	0.014648661	25.05470276	25.04005432	0	0	0.29297322	0.219729915	0.014648661	23.73632431	23.72167587	0	0	0	0	0	0	0	0	0	0	0	0	0	0	0	0	0	0	0	0	0	0	0	0	0	0	1	1	1	1	1	1	1	1	1	0.03283117	0.079752365	3.88E-04	0.012117892	-0.045370823	-0.014090026	3.88E-04	-0.003522506	-0.045370823	10.80672028	8.250908684	0.219729915	0.439459831	0	0	72.29297638	70.70679474	72.14877319	72.11993408	73.24467468	72.69672394	71.485466	74.01828083	73.54612382	72.41003093	71.480291	70.55110997	70.8932476	72.20740424	68.51499176
UserCommand	2008-03-28 16:13:19.407 GMT-07:00	EY141_CL	1																																																																															
AntagonistCommand	2008-03-28 16:13:19.407 GMT-07:00	EY141_CL	1																																																																															
AntagonistData	2008-03-28 16:13:19.783 GMT-07:00	24.79102707	24.77637863	24.79102707	0.014648661	0.073243305	0.14648661	0.014648661	25.05470276	25.04005432	0	0	0.219729915	0.219729915	0	23.73632431	23.72167587	1	0	0	0	0	0	0	0	0	0	0	0	0	0	0	0	0	0	0	0	0	0	0	0	0	0	1	1	1	1	1	1	1	1	1	0.064111967	0.079752365	3.88E-04	0.008207792	-0.076653075	-0.014090026	-0.003522506	3.88E-04	-0.045370823	10.82802528	8.147276928	0	0.219729915	0	0	72.29297638	70.70679474	72.11993408	72.11993408	73.24467468	72.69672394	71.485466	74.01828083	73.54612382	72.38037322	71.48568687	70.55755415	70.89949108	72.20299987	68.51499176
AntagonistData	2008-03-28 16:13:20.268 GMT-07:00	24.79102707	24.79102707	24.77637863	0.014648661	0.14648661	0.073243305	0.014648661	25.05470276	25.04005432	0.014648661	0	0.219729915	0.219729915	0.014648661	23.73632431	23.72167587	1	0	0	0	0	0	0	0	0	0	0	0	0	0	0	0	0	0	0	0	0	0	0	0	0	0	1	1	1	1	1	1	1	1	1	0.048471568	0.079752365	3.88E-04	0.012117892	-0.061011221	-0.014090026	3.88E-04	-0.003522506	-0.045370823	10.72649772	8.122026551	0.219729915	0.439459831	0	0	72.3506546	70.70679474	72.11993408	72.11993408	73.24467468	72.69672394	71.485466	74.01828083	73.54612382	72.38037322	71.48131013	70.55822911	70.89548795	72.20348328	68.34195709
AntagonistData	2008-03-28 16:13:20.768 GMT-07:00	24.77637863	24.79102707	24.79102707	0.014648661	0.14648661	0.073243305	0.014648661	25.05470276	25.04005432	0.029297322	0.014648661	0.29297322	0.219729915	0.014648661	23.73632431	23.72167587	1	0	0	0	0	0	0	0	0	0	0	0	0	0	0	0	0	0	0	0	0	0	0	0	0	0	1	1	1	1	1	1	1	1	1	0.048471568	0.079752365	-0.003522506	0.008207792	-0.076653075	-0.014090026	-0.003522506	3.88E-04	-0.045370823	10.74583004	8.398860111	0.219729915	0.439459831	0	0	72.3506546	70.70679474	72.11993408	72.09109497	73.24467468	72.69672394	71.485466	73.95783803	73.51597398	72.3210578	71.47957629	70.5592171	70.90099002	72.20821385	68.34195709
UserCommand	2008-03-28 16:13:21.190 GMT-07:00	EY160_CL	1																																																																															
AntagonistCommand	2008-03-28 16:13:21.190 GMT-07:00	EY160_CL	1																																																																															
AntagonistData	2008-03-28 16:13:21.268 GMT-07:00	24.79102707	24.79102707	24.79102707	0.014648661	0.073243305	0.073243305	0.014648661	25.0693531	25.05470276	0.014648661	0	0.29297322	0.219729915	0	23.73632431	23.72167587	1	0	0	0	0	0	0	0	0	0	0	0	0	0	0	0	0	0	0	0	0	0	0	0	0	0	1	1	1	1	1	1	1	1	1	0.064111967	0.079752365	-0.003522506	0.008207792	-0.076653075	-0.014090026	-0.003522506	-0.003522506	-0.045370823	10.75387293	8.32334364	0.219729915	0.439459831	0	0	72.32181549	70.70679474	72.11993408	72.09109497	73.24467468	72.69672394	71.485466	73.95783803	73.51597398	72.3210578	71.48034975	70.55816352	70.89780133	72.21552594	68.22659302
AntagonistData	2008-03-28 16:13:21.783 GMT-07:00	24.79102707	24.79102707	24.77637863	24.79102707	0.14648661	0.073243305	24.79102707	25.05470276	25.04005432	0	0	0.219729915	0.14648661	0.014648661	23.73632431	23.72167587	1	0	1	0	0	0	0	0	0	0	0	0	0	0	0	0	0	0	0	0	0	0	0	0	0	0	1	1	1	1	1	1	1	1	1	0.064111967	60.43545641	3.88E-04	0.012117892	-0.061011221	-0.014090026	0.008207792	3.88E-04	-0.045370823	10.75148508	8.205273888	0.219729915	0.439459831	0	0	72.32181549	70.67795563	72.09109497	72.09109497	73.24467468	72.69672394	71.485466	73.95783803	73.51597398	72.35071551	71.50895038	70.55827201	70.89646387	72.21730256	68.22659302
AntagonistData	2008-03-28 16:13:22.283 GMT-07:00	24.79102707	24.79102707	24.80567551	24.79102707	0.073243305	0.14648661	24.79102707	25.0693531	25.04005432	0.014648661	0	0.219729915	0.219729915	0.014648661	23.73632431	23.72167587	1	0	1	0	0	0	0	0	0	0	0	0	0	0	0	0	0	0	0	0	0	0	0	0	0	0	1	1	1	1	1	1	1	1	1	0.03283117	0.079752365	3.88E-04	0.012117892	-0.061011221	-0.014090026	3.88E-04	3.88E-04	-0.045370823	10.92363478	8.146356342	0.439459831	0.439459831	0	0	72.32181549	70.67795563	72.09109497	72.09109497	73.24467468	72.69672394	71.485466	73.95783803	73.51597398	72.35071551	71.49261757	70.55751463	70.89075011	72.21652765	67.88052368
AntagonistData	2008-03-28 16:13:22.768 GMT-07:00	24.77637863	24.77637863	24.76173019	24.76173019	0.14648661	0.073243305	24.77637863	25.05470276	25.04005432	0	0	0.219729915	0.219729915	0.014648661	23.73632431	23.72167587	1	0	1	0	0	0	0	0	0	0	0	0	0	0	0	0	0	0	0	0	0	0	0	0	0	0	1	1	1	1	1	1	1	1	1	0.048471568	0.564607629	3.88E-04	0.008207792	-0.076653075	-0.014090026	3.88E-04	3.88E-04	-0.045370823	10.93257762	8.354408927	0.219729915	0.439459831	0	0	72.29297638	70.67795563	72.11993408	72.09109497	73.24467468	72.69672394	71.485466	74.01828083	73.51597398	72.29139225	71.48362442	70.55787275	70.89377818	72.2343618	67.88052368
AntagonistData	2008-03-28 16:13:23.268 GMT-07:00	24.76173019	24.74708176	24.73243332	24.73243332	0.073243305	0.073243305	24.74708176	25.0693531	25.02540588	0	0	0.29297322	0.219729915	0.014648661	23.73632431	23.72167587	1	0	1	0	0	0	0	0	0	0	0	0	0	0	0	0	0	0	0	0	0	0	0	0	0	0	1	1	1	1	1	1	1	1	1	0.86177811	0.783574663	-0.003522506	0.012117892	-0.076653075	-0.014090026	3.88E-04	-0.003522506	-0.045370823	10.78778249	8.034965356	0.219729915	0.659189746	0	0	72.29297638	70.67795563	72.11993408	72.09109497	73.24467468	72.69672394	71.485466	74.01828083	73.51597398	72.29139225	71.47428117	70.55950574	70.89889286	72.22469891	67.90936279
AntagonistData	2008-03-28 16:13:23.830 GMT-07:00	24.76173019	24.70313644	24.71778488	24.70313644	0.073243305	0.073243305	24.73243332	25.05470276	25.02540588	0	0	0.219729915	0.219729915	0.014648661	23.73632431	23.72167587	1	0	1	0	0	0	0	0	0	0	0	0	0	0	0	0	0	0	0	0	0	0	0	0	0	0	1	1	1	1	1	1	1	1	1	1.534318156	0.955620501	3.88E-04	0.012117892	-0.061011221	-0.014090026	0.008207792	-0.003522506	-0.045370823	10.65100962	7.88214797	0.219729915	0.439459831	0	0	72.26413727	70.70679474	72.11993408	72.09109497	73.24467468	72.69672394	71.485466	73.92761663	73.48582413	72.38037322	71.47776738	70.55916968	70.89517296	72.22652987	67.90936279
AntagonistData	2008-03-28 16:13:24.268 GMT-07:00	24.76173019	24.74708176	24.74708176	24.74708176	0.14648661	0.073243305	24.74708176	25.05470276	25.02540588	0.029297322	0	0.219729915	0.219729915	0.014648661	23.73632431	23.72167587	1	0	1	0	0	0	0	0	0	0	0	0	0	0	0	0	0	0	0	0	0	0	0	0	0	0	1	1	1	1	1	1	1	1	1	1.690723596	1.90969063	-0.003522506	0.012117892	-0.076653075	-0.014090026	-0.003522506	3.88E-04	-0.045370823	10.7331646	7.721665292	0.219729915	0.439459831	0	0	72.26413727	70.70679474	72.11993408	72.09109497	73.24467468	72.69672394	71.485466	73.92761663	73.48582413	72.38037322	71.4773753	70.55911647	70.89072487	72.22402217	67.90936279
AntagonistData	2008-03-28 16:13:24.768 GMT-07:00	24.76173019	24.76173019	24.76173019	24.74708176	0.29297322	0.29297322	24.77637863	25.05470276	25.04005432	0.014648661	0	0.219729915	0.219729915	0.014648661	23.73632431	23.72167587	1	0	1	0	0	0	0	0	0	0	0	0	0	0	0	0	0	0	0	0	0	0	0	0	0	0	1	1	1	1	1	1	1	1	1	0.03283117	0.502046035	3.88E-04	0.016027992	-0.045370823	-0.014090026	-0.003522506	3.88E-04	-0.045370823	10.64853409	7.787624092	80.43488264	0.439459831	0	0	72.32181549	70.73563385	72.11993408	72.09109497	73.24467468	72.69672394	71.485466	73.95783803	73.45567428	72.38037322	71.48502411	70.5616578	70.89417672	72.22515413	67.85168457
AntagonistData	2008-03-28 16:13:25.268 GMT-07:00	24.76173019	24.74708176	24.74708176	24.74708176	0.29297322	0.29297322	24.74708176	25.05470276	25.02540588	0	0	0.219729915	0.219729915	0.014648661	23.73632431	23.72167587	1	0	1	0	0	0	0	0	0	0	0	0	0	0	0	0	0	0	0	0	0	0	0	0	0	0	1	1	1	1	1	1	1	1	1	0.580248027	0.658451475	3.88E-04	0.012117892	-0.061011221	-0.014090026	3.88E-04	-0.003522506	-0.045370823	10.69480324	7.769310348	635.6099606	0.659189746	0	0	72.32181549	70.73563385	72.11993408	72.09109497	73.24467468	72.69672394	71.485466	73.95783803	73.45567428	72.29139225	71.47381709	70.56216179	70.89218836	72.2276924	67.85168457
UserCommand	2008-03-28 16:13:25.454 GMT-07:00	EY170_CL	1																																																																															
AntagonistCommand	2008-03-28 16:13:25.454 GMT-07:00	EY170_CL	1																																																																															
AntagonistData	2008-03-28 16:13:25.768 GMT-07:00	24.76173019	24.71778488	24.73243332	24.73243332	0.219729915	0.14648661	24.74708176	25.05470276	25.02540588	0.014648661	0	0.219729915	0.14648661	0.014648661	23.73632431	23.72167587	1	0	1	1	0	0	0	0	0	0	0	0	0	0	0	0	0	0	0	0	0	0	0	0	0	0	1	1	1	1	1	1	1	1	1	1.174587535	1.143306738	3.88E-04	0.012117892	-0.076653075	-0.014090026	0.008207792	-0.003522506	-0.045370823	10.76305817	7.721702867	636.2691879	0.439459831	0	0	72.32181549	70.70679474	72.09109497	72.09109497	73.24467468	72.69672394	71.485466	73.95783803	73.51597398	72.29139225	71.47672082	70.56076942	70.89476886	72.22741501	67.67864227
AntagonistData	2008-03-28 16:13:26.284 GMT-07:00	24.74708176	24.71778488	24.73243332	24.71778488	0.219729915	0.219729915	24.74708176	25.0693531	25.02540588	0.014648661	0	0.219729915	0.219729915	0.014648661	23.73632431	23.72167587	1	0	1	1	0	0	0	0	0	0	0	0	0	0	0	0	0	0	0	0	0	0	0	0	0	0	1	1	1	1	1	1	1	1	1	1.12766634	1.174587535	3.88E-04	0.008207792	-0.061011221	-0.014090026	3.88E-04	3.88E-04	-0.045370823	10.71750557	8.086299021	634.9507809	0.439459831	0	0	72.32181549	70.70679474	72.09109497	72.06225586	73.24467468	72.69672394	71.485466	73.95783803	73.51597398	72.29139225	71.47286801	70.56119553	70.89315441	72.22566061	67.67864227
AntagonistData	2008-03-28 16:13:26.768 GMT-07:00	24.74708176	24.71778488	24.71778488	24.71778488	0.219729915	0.219729915	24.74708176	25.05470276	25.02540588	0	0	0.219729915	0.219729915	0.014648661	23.73632431	23.72167587	1	0	1	1	0	0	0	0	0	0	0	0	0	0	0	0	0	0	0	0	0	0	0	0	0	0	1	1	1	1	1	1	1	1	1	1.112025941	1.174587535	3.88E-04	0.008207792	-0.061011221	-0.014090026	-0.003522506	-0.003522506	-0.045370823	10.67473243	7.565855638	634.7310543	0.439459831	0	0	72.32181549	70.70679474	72.09109497	72.06225586	73.24467468	72.69672394	71.485466	73.92761663	73.51597398	72.29139225	71.48127059	70.56123703	70.89665081	72.22643873	67.79400635
AntagonistData	2008-03-28 16:13:27.284 GMT-07:00	24.67383766	24.5712986	24.54199982	24.54199982	119.5605397	120	24.61524391	25.05470276	24.96681213	0.014648661	0	0.219729915	0.219729915	0	23.73632431	23.72167587	1	0	1	1	0	0	0	0	0	0	0	0	0	0	0	0	0	0	0	0	0	0	0	0	0	0	1	1	1	1	1	1	1	1	1	4.55391187	1.190227934	0.536074516	0.012117892	-0.076653075	-0.014090026	3.88E-04	-0.003522506	-0.045370823	23.00733748	8.182467449	251.6456842	0.439459831	0	0	72.32181549	70.70679474	72.14877319	72.06225586	73.24467468	72.69672394	71.485466	73.92761663	73.51597398	72.29139225	71.48494798	70.56137426	70.89396334	72.23298762	67.79400635
UserCommand	2008-03-28 16:13:27.798 GMT-07:00	EY171_CL	1																																																																															
AntagonistCommand	2008-03-28 16:13:27.798 GMT-07:00	EY171_CL	1																																																																															
AntagonistData	2008-03-28 16:13:27.799 GMT-07:00	24.65918922	24.48340607	24.46875763	24.4980545	120.8056784	121.0254049	24.55664825	25.05470276	24.98146057	0.014648661	0	0.219729915	0.219729915	0.014648661	23.73632431	23.72167587	1	0	1	1	0	0	0	0	0	0	0	0	0	0	0	0	0	0	0	0	0	0	0	0	0	0	1	1	1	1	1	1	1	1	1	4.428788682	4.366227088	0.547804814	0.008207792	-0.045370823	-0.014090026	3.88E-04	3.88E-04	-0.045370823	43.28368641	8.12680394	63.07621598	0.439459831	0	0	72.32181549	70.70679474	72.14877319	72.06225586	73.24467468	72.69672394	71.485466	74.71338099	73.51597398	72.29139225	71.47415921	70.56129912	70.900669	72.23530695	67.76516724
AntagonistData	2008-03-28 16:13:28.268 GMT-07:00	24.5712986	24.27832413	24.24902725	24.33691978	120.659194	120.7324362	24.36621666	25.05470276	24.92286491	0.029297322	0	0.219729915	0.219729915	0	23.73632431	23.72167587	1	0	1	1	1	0	0	0	0	0	0	0	0	0	0	0	0	0	0	0	0	0	0	0	0	0	1	1	1	1	1	1	1	1	1	8.308608679	8.261687483	1.134567868	0.008207792	-0.061011221	-0.014090026	-0.003522506	3.88E-04	-0.045370823	43.07950932	8.080524279	60.87892056	0.439459831	0	0	72.32181549	70.70679474	72.11993408	72.06225586	73.24467468	72.69672394	71.485466	74.71338099	73.75718074	72.6176349	71.4749615	70.55645343	70.89655684	72.22858228	67.76516724
AntagonistData	2008-03-28 16:13:28.784 GMT-07:00	24.55664825	24.24902725	24.24902725	24.33691978	120.7324362	120.7324362	24.35156822	25.04005432	24.90821648	0	0	0.219729915	0.219729915	0.014648661	23.73632431	23.72167587	1	0	1	1	1	0	0	0	0	0	0	0	0	0	0	0	0	0	0	0	0	0	0	0	0	0	1	1	1	1	1	1	1	1	1	8.089641645	8.152204694	1.091556772	0.012117892	-0.045370823	-0.014090026	-0.003522506	3.88E-04	-0.045370823	43.67179555	9.461743166	60.43946147	0.439459831	60	0	72.32181549	70.70679474	72.11993408	72.06225586	73.24467468	72.69672394	71.485466	74.71338099	73.75718074	72.6176349	71.48398383	70.56895608	70.89885825	72.23049679	68.11123657
AntagonistData	2008-03-28 16:13:29.252 GMT-07:00	24.52735138	24.24902725	24.23437881	24.1904335	120.7324362	120.8056784	24.41016197	25.04005432	24.8789196	0.029297322	0	0.219729915	0.219729915	0.014648661	23.73632431	23.72167587	1	0	1	1	1	0	0	0	0	0	0	0	0	0	0	0	0	0	0	0	0	0	0	0	0	0	1	1	1	1	1	1	1	1	1	8.058360848	8.105283498	1.091556772	0.008207792	-0.045370823	-0.014090026	3.88E-04	3.88E-04	-0.045370823	43.57066253	10.00554686	60.43946147	0.439459831	180	0	72.32181549	70.67795563	72.1776123	72.09109497	73.24467468	72.69672394	71.485466	75.68048175	74.17927863	73.06250839	71.48368736	70.55663162	70.89959007	72.23884362	68.11123657
AntagonistData	2008-03-28 16:13:29.784 GMT-07:00	24.54199982	24.20508194	24.21973038	24.24902725	120.7324362	120.8056784	24.41016197	25.05470276	24.92286491	0.029297322	0	0.219729915	0.219729915	0.014648661	23.73632431	23.72167587	1	0	1	1	1	0	0	0	0	0	0	0	0	0	0	0	0	0	0	0	0	0	0	0	0	0	1	1	1	1	1	1	1	1	1	8.089641645	8.120923897	1.091556772	0.012117892	-0.061011221	-0.014090026	3.88E-04	3.88E-04	-0.045370823	43.9792715	9.53486405	60.43946147	0.439459831	240	0	72.3506546	70.67795563	72.1776123	72.09109497	73.24467468	72.69672394	71.485466	75.68048175	74.17927863	73.06250839	71.48272122	70.55885725	70.89728711	72.23663162	68.31311798
UserCommand	2008-03-28 16:13:30.001 GMT-07:00	EY172_CL	1																																																																															
AntagonistCommand	2008-03-28 16:13:30.001 GMT-07:00	EY172_CL	1																																																																															
AntagonistData	2008-03-28 16:13:30.252 GMT-07:00	24.46875763	24.17578316	24.16113472	24.13183784	120.5859518	120.5859518	24.35156822	25.05470276	24.86427116	0.014648661	0	0.219729915	0.219729915	0.014648661	23.73632431	23.72167587	1	0	1	1	1	1	0	0	0	0	0	0	0	0	0	0	0	0	0	0	0	0	0	0	0	0	1	1	1	1	1	1	1	1	1	8.167845092	8.074001246	1.079826109	0.012117892	-0.045370823	-0.014090026	3.88E-04	3.88E-04	-0.045370823	43.67718756	9.621267683	60.43946147	0.659189746	300	0	72.3506546	70.64911652	72.11993408	72.09109497	73.24467468	72.69672394	71.485466	76.5871397	74.66168419	73.38875104	71.48089764	70.56544971	70.895236	72.23800174	68.31311798
AntagonistData	2008-03-28 16:13:30.768 GMT-07:00	24.46875763	24.14648628	24.11718941	24.16113472	120.5127096	120.5859518	24.33691978	25.04005432	24.8789196	0.029297322	0	0.219729915	0.219729915	0	23.73632431	23.72167587	1	0	1	1	1	1	0	0	0	0	0	0	0	0	0	0	0	0	0	0	0	0	0	0	0	0	1	1	1	1	1	1	1	1	1	8.965509781	9.043713228	1.255781684	0.012117892	-0.076653075	-0.014090026	-0.003522506	3.88E-04	-0.045370823	43.69283753	9.813012733	60.43946147	0.439459831	360	0	72.3506546	70.64911652	72.11993408	72.09109497	73.24467468	72.69672394	71.485466	76.5871397	74.66168419	73.38875104	71.48141022	70.56073648	70.89636734	72.23800698	68.45731354
AntagonistData	2008-03-28 16:13:31.299 GMT-07:00	24.46875763	24.26367569	24.13183784	24.13183784	120.5127096	120.5859518	24.26367569	25.05470276	24.86427116	0.014648661	0	0.219729915	0.219729915	0.014648661	23.73632431	23.72167587	1	0	1	1	1	1	0	0	0	0	0	0	0	0	0	0	0	0	0	0	0	0	0	0	0	0	1	1	1	1	1	1	1	1	1	8.934228984	9.074994025	1.267512346	0.012117892	-0.061011221	-0.014090026	-0.003522506	0.004297693	-0.045370823	43.3355184	9.825769434	60.21972895	0.439459831	480	0	72.32181549	70.67795563	72.11993408	72.09109497	73.24467468	72.69672394	71.485466	77.52401106	75.08379005	73.77430126	71.47741948	70.55865192	70.89881988	72.2360273	68.45731354
AntagonistData	2008-03-28 16:13:31.768 GMT-07:00	24.45410919	24.13183784	24.11718941	24.16113472	120.5127096	120.5127096	24.27832413	25.04005432	24.89356804	0.014648661	0	0.219729915	0.219729915	0	23.73632431	23.72167587	1	0	1	1	1	1	0	0	0	0	0	0	0	0	0	0	0	0	0	0	0	0	0	0	0	0	1	1	1	1	1	1	1	1	1	8.887307788	8.996790578	1.228410986	0.008207792	-0.061011221	-0.014090026	-0.003522506	3.88E-04	-0.045370823	43.53505007	9.732806621	60.43946147	0.439459831	480	0	72.32181549	70.67795563	72.11993408	72.09109497	73.24467468	72.69672394	71.485466	77.52401106	75.08379005	73.77430126	71.48046284	70.55778029	70.90431433	72.23027483	68.3707962
AntagonistData	2008-03-28 16:13:32.252 GMT-07:00	24.43946075	24.11718941	24.10254097	24.13183784	120.5127096	120.5859518	24.29297256	25.05470276	24.89356804	0.029297322	0	0.219729915	0.219729915	0.014648661	23.73632431	23.72167587	1	0	1	1	1	1	0	0	0	0	0	0	0	0	0	0	0	0	0	0	0	0	0	0	0	0	1	1	1	1	1	1	1	1	1	8.949869382	9.02807283	1.228410986	0.012117892	-0.045370823	-0.014090026	-0.003522506	3.88E-04	-0.045370823	43.44521489	9.54220851	60.21972895	0.439459831	480	0	72.3506546	70.67795563	72.11993408	72.09109497	73.24467468	72.69672394	71.485466	78.40044761	75.50589591	74.18951704	71.48349384	70.55726716	70.90130539	72.22623639	68.3707962
AntagonistData	2008-03-28 16:13:32.752 GMT-07:00	24.41016197	24.20508194	24.1904335	24.08789253	120.5127096	120.5859518	24.23437881	25.05470276	24.8789196	0	0	0.219729915	0.219729915	0.014648661	23.73632431	23.72167587	1	0	1	1	1	1	0	0	0	0	0	0	0	0	0	0	0	0	0	0	0	0	0	0	0	0	1	1	1	1	1	1	1	1	1	8.965509781	8.996790578	1.193219726	0.008207792	-0.061011221	-0.014090026	3.88E-04	3.88E-04	-0.045370823	43.27670821	9.693411618	60.43946147	0.439459831	540	0	72.3506546	70.67795563	72.11993408	72.09109497	73.24467468	72.69672394	71.485466	78.40044761	75.50589591	74.18951704	71.47212985	70.55526888	70.90111066	72.22399524	68.3707962
UserCommand	2008-03-28 16:13:32.798 GMT-07:00	EY173_CL	1																																																																															
AntagonistCommand	2008-03-28 16:13:32.798 GMT-07:00	EY173_CL	1																																																																															
AntagonistData	2008-03-28 16:13:33.284 GMT-07:00	24.35156822	24.05859375	24.05859375	23.95605469	120.3662109	120.3662109	24.07324409	25.04005432	24.83497429	0	0	0.219729915	0.14648661	0.014648661	23.73632431	23.72167587	1	0	1	1	1	1	1	0	0	0	0	0	0	0	0	0	0	0	0	0	0	0	0	0	0	0	1	1	1	1	1	1	1	1	1	11.81305766	13.23634265	1.643128565	0.016027992	-0.076653075	-0.014090026	3.88E-04	-0.003522506	-0.045370823	43.17953956	9.387820316	60.43946147	0.439459831	540	0	72.3506546	70.70679474	72.11993408	72.09109497	73.24467468	72.69672394	71.485466	79.24666277	75.86770207	74.18951704	71.48138964	70.55920273	70.90143705	72.2332093	68.48615265
AntagonistData	2008-03-28 16:13:33.768 GMT-07:00	24.36621666	23.91210747	23.89745903	23.98535156	120.2929688	120.3662109	24.14648628	25.05470276	24.84962273	0.029297322	0	0.219729915	0.14648661	0.014648661	23.73632431	23.72167587	1	0	1	1	1	1	1	0	0	0	0	0	0	0	0	0	0	0	0	0	0	0	0	0	0	0	1	1	1	1	1	1	1	1	1	11.81305766	11.84433991	1.654858864	0.008207792	-0.061011221	-0.014090026	-0.003522506	3.88E-04	-0.045370823	43.20759711	9.709380978	60.21972895	0.439459831	600	0	72.3506546	70.70679474	72.11993408	72.11993408	73.24467468	72.69672394	71.485466	79.24666277	75.86770207	74.60473282	71.479488	70.55705365	70.90229684	72.22354173	68.48615265
AntagonistData	2008-03-28 16:13:34.252 GMT-07:00	24.35156822	24.07324409	24.05859375	23.86816216	120.2929688	120.3662109	24.17578316	25.05470276	24.80567551	0	0	0.219729915	0.219729915	0.014648661	23.73632431	23.72167587	1	0	1	1	1	1	1	0	0	0	0	0	0	0	0	0	0	0	0	0	0	0	0	0	0	0	1	1	1	1	1	1	1	1	1	11.81305766	11.79741726	1.643128565	0.012117892	-0.045370823	-0.014090026	-0.003522506	3.88E-04	-0.045370823	42.95996545	9.284415483	60.21972895	0.659189746	540	0	72.32181549	70.67795563	72.11993408	72.11993408	73.24467468	72.69672394	71.485466	80.12309133	76.28980793	74.60473282	71.47676471	70.54820284	70.90069244	72.21899032	68.57266998
AntagonistData	2008-03-28 16:13:34.752 GMT-07:00	24.307621	24.02929688	23.98535156	23.89745903	120.3662109	120.3662109	24.11718941	25.05470276	24.79102707	0	0	0.219729915	0.219729915	0	23.73632431	23.72167587	1	0	1	1	1	1	1	0	0	0	0	0	0	0	0	0	0	0	0	0	0	0	0	0	0	0	1	1	1	1	1	1	1	1	1	11.79741726	11.81305766	1.643128565	0.012117892	-0.061011221	-0.014090026	-0.003522506	3.88E-04	-0.045370823	43.18480521	9.580235821	60.21972895	0.439459831	600	0	72.32181549	70.67795563	72.11993408	72.06225586	73.24467468	72.69672394	71.485466	80.12309133	76.28980793	74.96063318	71.47538953	70.55226981	70.89870197	72.21323688	68.57266998
AntagonistData	2008-03-28 16:13:35.284 GMT-07:00	24.33691978	23.86816216	23.83886528	24	120.3662109	120.3662109	24.14648628	25.05470276	24.8789196	0	0	0.219729915	0.219729915	0	23.73632431	23.72167587	1	0	1	1	1	1	1	0	0	0	0	0	0	0	0	0	0	0	0	0	0	0	0	0	0	0	1	1	1	1	1	1	1	1	1	11.79741726	11.81305766	1.647038665	0.012117892	-0.061011221	-0.014090026	-0.003522506	3.88E-04	-0.045370823	43.2079997	9.83284158	60.21972895	0.439459831	600	0	72.3506546	70.67795563	72.11993408	72.06225586	73.24467468	72.69672394	71.485466	80.90886368	76.28980793	74.96063318	71.47439374	70.55016836	70.89847742	72.21630813	68.57266998
AntagonistData	2008-03-28 16:13:35.768 GMT-07:00	24.32227135	24.01464844	24.01464844	23.82421684	120.2929688	120.3662109	24.11718941	25.05470276	24.82032585	0	0	0.219729915	0.219729915	0.014648661	23.73632431	23.48729706	1	0	1	1	1	1	1	0	0	0	0	0	0	0	0	0	0	0	0	0	0	0	0	0	0	0	1	1	1	1	1	1	1	1	1	11.79741726	11.84433991	1.658768964	0.008207792	-0.076653075	-0.014090026	-0.003522506	3.88E-04	-0.045370823	43.07587686	9.243414565	60.21972895	0.439459831	600	0	72.3506546	70.67795563	72.11993408	72.06225586	73.24467468	72.72556305	71.51430511	80.90886368	76.62145627	75.31652569	71.47612118	70.55771695	70.90250595	72.21339	68.57266998
AntagonistData	2008-03-28 16:13:36.299 GMT-07:00	24.307621	23.92675591	23.88281059	23.83886528	120.3662109	120.4394531	24.11718941	25.05470276	24.83497429	0.029297322	0	0.219729915	0.219729915	0.014648661	23.73632431	23.48729706	1	0	1	1	1	1	1	0	0	0	0	0	0	0	0	0	0	0	0	0	0	0	0	0	0	0	1	1	1	1	1	1	1	1	1	11.76613646	11.81305766	1.647038665	0.008207792	-0.045370823	-0.014090026	3.88E-04	3.88E-04	-0.045370823	43.06256445	9.415396012	60.00000238	0.439459831	600	0	72.32181549	70.67795563	72.11993408	72.06225586	73.24467468	72.72556305	71.51430511	81.78530024	76.62145627	75.31652569	71.47778965	70.553894	70.90181595	72.22090908	68.63034821
AntagonistData	2008-03-28 16:13:36.768 GMT-07:00	24.29297256	23.86816216	23.86816216	23.95605469	120.2929688	120.4394531	24.13183784	25.05470276	24.84962273	0.014648661	0	0.219729915	0.219729915	0.014648661	23.73632431	23.48729706	1	0	1	1	1	1	1	0	0	0	0	0	0	0	0	0	0	0	0	0	0	0	0	0	0	0	1	1	1	1	1	1	1	1	1	11.84433991	11.84433991	1.643128565	0.008207792	-0.076653075	-0.014090026	0.008207792	3.88E-04	-0.045370823	43.06933734	9.317211061	60.21972895	0.439459831	600	0	72.32181549	70.67795563	72.11993408	72.11993408	73.21583557	72.72556305	71.51430511	81.78530024	77.04356213	75.64276834	71.47546735	70.55659289	70.90156667	72.2184767	68.63034821
AntagonistData	2008-03-28 16:13:37.284 GMT-07:00	24.27832413	23.98535156	23.97070313	23.8095665	120.3662109	120.3662109	24.01464844	25.05470276	24.82032585	0	0	0.14648661	0.14648661	0.014648661	23.73632431	23.48729706	1	0	1	1	1	1	1	0	0	0	0	0	0	0	0	0	0	0	0	0	0	0	0	0	0	0	1	1	1	1	1	1	1	1	1	11.79741726	11.81305766	1.627488167	0.008207792	-0.061011221	-0.014090026	3.88E-04	-0.003522506	-0.045370823	43.19552733	9.446098351	60.21972895	0.439459831	600	0	72.3506546	70.67795563	72.11993408	72.11993408	73.21583557	72.72556305	71.51430511	81.78530024	77.04356213	75.64276834	71.48307396	70.54953954	70.9021256	72.21838953	68.57266998
AntagonistData	2008-03-28 16:13:37.784 GMT-07:00	24.26367569	23.98535156	23.95605469	23.78026962	120.3662109	120.4394531	24	25.05470276	24.82032585	0.029297322	0	0.219729915	0.219729915	0	23.73632431	23.48729706	1	0	1	1	1	1	1	0	0	0	0	0	0	0	0	0	0	0	0	0	0	0	0	0	0	0	1	1	1	1	1	1	1	1	1	11.79741726	11.84433991	1.670499262	0.012117892	-0.061011221	-0.014090026	3.88E-04	3.88E-04	-0.045370823	43.14279345	9.036089166	60.21972895	0.439459831	600	0	72.3506546	70.70679474	72.1776123	72.06225586	73.24467468	72.72556305	71.51430511	82.601286	77.465668	75.9986687	71.47956122	70.55069637	70.90020953	72.22362912	68.57266998
AntagonistData	2008-03-28 16:13:38.253 GMT-07:00	24.26367569	23.88281059	23.86816216	23.95605469	120.3662109	120.3662109	23.98535156	25.05470276	24.86427116	0.029297322	0	0.219729915	0.219729915	0	23.73632431	23.48729706	1	0	1	1	1	1	1	0	0	0	0	0	0	0	0	0	0	0	0	0	0	0	0	0	0	0	1	1	1	1	1	1	1	1	1	11.82869951	11.84433991	1.647038665	0.012117892	-0.045370823	-0.014090026	3.88E-04	-0.003522506	-0.045370823	43.21807784	9.510534259	60.43946147	0.439459831	600	0	72.3506546	70.70679474	72.1776123	72.06225586	73.24467468	72.72556305	71.51430511	82.601286	77.465668	75.9986687	71.48063691	70.55128366	70.90372885	72.21565092	68.45731354
AntagonistData	2008-03-28 16:13:38.768 GMT-07:00	24.29297256	23.89745903	23.85351372	23.86816216	120.3662109	120.3662109	24.10254097	25.05470276	24.84962273	0.029297322	0	0.219729915	0.219729915	0.014648661	23.73632431	23.48729706	1	0	1	1	1	1	1	0	0	0	0	0	0	0	0	0	0	0	0	0	0	0	0	0	0	0	1	1	1	1	1	1	1	1	1	11.76613646	11.84433991	1.643128565	0.008207792	-0.076653075	-0.014090026	3.88E-04	3.88E-04	-0.045370823	43.06631255	9.374024409	60.21972895	0.439459831	600	0	72.3506546	70.67795563	72.09109497	72.09109497	73.24467468	72.72556305	71.51430511	83.35683696	77.85762401	76.32490351	71.48949688	70.55414865	70.90101455	72.21826197	68.45731354
AntagonistData	2008-03-28 16:13:39.268 GMT-07:00	24.29297256	23.86816216	23.86816216	23.79491806	120.3662109	120.4394531	24.10254097	25.04005432	24.82032585	0.029297322	0	0.219729915	0.219729915	0.014648661	23.73632431	23.48729706	1	0	1	1	1	1	1	0	0	0	0	0	0	0	0	0	0	0	0	0	0	0	0	0	0	0	1	1	1	1	1	1	1	1	1	11.76613646	11.84433991	1.666589163	0.008207792	-0.061011221	-0.014090026	3.88E-04	0.004297693	-0.045370823	42.99146557	9.353064623	60.21972895	0.439459831	600	0	72.3506546	70.67795563	72.09109497	72.09109497	73.24467468	72.72556305	71.51430511	83.35683696	77.85762401	76.32490351	71.48818926	70.54808875	70.90845827	72.21982767	68.54383087
AntagonistData	2008-03-28 16:13:39.784 GMT-07:00	24.27832413	23.95605469	23.86816216	23.91210747	120.3662109	120.4394531	24.04394531	25.05470276	24.84962273	0	0	0.219729915	0.219729915	0	23.73632431	23.48729706	1	0	1	1	1	1	1	0	0	0	0	0	0	0	0	0	0	0	0	0	0	0	0	0	0	0	1	1	1	1	1	1	1	1	1	11.84433991	11.85998031	1.674409362	0.008207792	-0.076653075	-0.014090026	0.008207792	3.88E-04	-0.045370823	43.36390484	9.287403274	60.00000238	0.439459831	600	0	72.32181549	70.67795563	72.11993408	72.09109497	73.24467468	72.72556305	71.51430511	84.20304412	78.24957204	76.68080387	71.48259694	70.54112299	70.90487921	72.21882893	68.54383087
AntagonistData	2008-03-28 16:13:40.268 GMT-07:00	24.27832413	23.94140625	23.91210747	23.88281059	120.3662109	120.3662109	24.08789253	25.05470276	24.79102707	0	0	0.219729915	0.219729915	0.014648661	23.73632431	23.48729706	1	0	1	1	1	1	1	0	0	0	0	0	0	0	0	0	0	0	0	0	0	0	0	0	0	0	1	1	1	1	1	1	1	1	1	11.79741726	11.85998031	1.654858864	0.008207792	-0.076653075	-0.014090026	3.88E-04	-0.003522506	-0.045370823	43.18895172	9.463633335	60.21972895	0.219729915	600	0	72.32181549	70.67795563	72.11993408	72.09109497	73.24467468	72.72556305	71.51430511	84.20304412	78.24957204	76.68080387	71.47828238	70.54854316	70.90315311	72.21501871	68.60150909
AntagonistData	2008-03-28 16:13:40.784 GMT-07:00	24.24902725	23.8095665	23.8095665	23.88281059	120.3662109	120.4394531	23.97070313	25.05470276	24.86427116	0.029297322	0	0.219729915	0.219729915	0.014648661	23.73632431	23.48729706	1	0	1	1	1	1	1	0	0	0	0	0	0	0	0	0	0	0	0	0	0	0	0	0	0	0	1	1	1	1	1	1	1	1	1	11.79741726	11.84433991	1.635308366	0.012117892	-0.076653075	-0.014090026	-0.003522506	3.88E-04	-0.045370823	43.32697009	9.584575729	60.43946147	0.439459831	600	0	72.32181549	70.70679474	72.11993408	72.09109497	73.24467468	72.72556305	71.51430511	84.98881648	78.67167791	77.03670423	71.48696783	70.54632183	70.90455611	72.21993472	68.60150909
AntagonistData	2008-03-28 16:13:41.284 GMT-07:00	24.23437881	23.89745903	23.86816216	23.73632431	120.3662109	120.3662109	24.02929688	25.05470276	24.79102707	0	0	0.219729915	0.219729915	0.014648661	23.73632431	23.48729706	1	0	1	1	1	1	1	0	0	0	0	0	0	0	0	0	0	0	0	0	0	0	0	0	0	0	1	1	1	1	1	1	1	1	1	11.79741726	11.81305766	1.647038665	0.012117892	-0.045370823	0.001550373	3.88E-04	-0.003522506	-0.045370823	43.40311576	9.737261603	60.21972895	0.439459831	600	0	72.32181549	70.70679474	72.11993408	72.09109497	73.21583557	72.72556305	71.51430511	84.98881648	78.67167791	77.03670423	71.49346445	70.54334777	70.90803302	72.22086869	68.48615265
AntagonistData	2008-03-28 16:13:41.768 GMT-07:00	24.23437881	23.89745903	23.89745903	23.94140625	120.3662109	120.3662109	23.98535156	25.05470276	24.86427116	0	0	0.219729915	0.219729915	0.014648661	23.73632431	23.48729706	1	0	1	1	1	1	1	0	0	0	0	0	0	0	0	0	0	0	0	0	0	0	0	0	0	0	1	1	1	1	1	1	1	1	1	11.79741726	11.84433991	1.643128565	0.012117892	-0.076653075	-0.014090026	-0.003522506	-0.003522506	-0.045370823	43.27389008	9.823313642	60.43946147	0.439459831	600	0	72.32181549	70.70679474	72.14877319	72.09109497	73.21583557	72.72556305	71.51430511	85.77458084	79.03348407	77.03670423	71.4893444	70.5480985	70.90323852	72.22429502	68.48615265
AntagonistData	2008-03-28 16:13:42.268 GMT-07:00	24.24902725	23.78026962	23.88281059	23.92675591	120.3662109	120.4394531	24.02929688	25.05470276	24.82032585	0.029297322	0	0.219729915	0.14648661	0.014648661	23.73632431	23.48729706	1	0	1	1	1	1	1	0	0	0	0	0	0	0	0	0	0	0	0	0	0	0	0	0	0	0	1	1	1	1	1	1	1	1	1	11.75049606	11.81305766	1.639218465	0.012117892	-0.061011221	-0.014090026	-0.003522506	-0.003522506	-0.045370823	43.24253914	9.809724924	60.21972895	0.439459831	600	0	72.32181549	70.70679474	72.14877319	72.09109497	73.24467468	72.72556305	71.51430511	85.77458084	79.03348407	77.42225445	71.48518087	70.54347786	70.90150631	72.21852632	68.48615265
AntagonistData	2008-03-28 16:13:42.799 GMT-07:00	24.26367569	23.95605469	23.92675591	23.72167587	120.3662109	120.3662109	24.08789253	25.05470276	24.80567551	0.029297322	0	0.219729915	0.219729915	0.014648661	23.73632431	23.48729706	1	0	1	1	1	1	1	0	0	0	0	0	0	0	0	0	0	0	0	0	0	0	0	0	0	0	1	1	1	1	1	1	1	1	1	11.79741726	11.85998031	1.654858864	0.008207792	-0.076653075	-0.014090026	0.008207792	3.88E-04	-0.045370823	43.58606753	9.774363566	60.43946147	0.439459831	600	0	72.29297638	70.70679474	72.14877319	72.09109497	73.24467468	72.72556305	71.51430511	86.5301318	79.36513241	77.42225445	71.48908915	70.54910133	70.89594877	72.21016091	68.68802643
AntagonistData	2008-03-28 16:13:43.284 GMT-07:00	24.26367569	23.76562119	23.78026962	23.94140625	120.3662109	120.4394531	23.97070313	25.05470276	24.83497429	0.029297322	0	0.219729915	0.219729915	0	23.73632431	23.51659393	1	0	1	1	1	1	1	0	0	0	0	0	0	0	0	0	0	0	0	0	0	0	0	0	0	0	1	1	1	1	1	1	1	1	1	11.81305766	11.84433991	1.682229925	0.012117892	-0.061011221	-0.014090026	3.88E-04	3.88E-04	-0.045370823	43.5522508	9.802491743	60.21972895	0.659189746	600	0	72.29297638	70.70679474	72.14877319	72.09109497	73.24467468	72.72556305	71.485466	86.5301318	79.36513241	77.68918168	71.49292441	70.54817993	70.9010312	72.21588378	68.68802643
AntagonistData	2008-03-28 16:13:43.784 GMT-07:00	24.24902725	23.92675591	23.91210747	23.78026962	120.3662109	120.4394531	24.02929688	25.05470276	24.82032585	0	0	0.219729915	0.219729915	0.014648661	23.73632431	23.51659393	1	0	1	1	1	1	1	0	0	0	0	0	0	0	0	0	0	0	0	0	0	0	0	0	0	0	1	1	1	1	1	1	1	1	1	11.81305766	11.84433991	1.631398266	0.008207792	-0.061011221	-0.014090026	-0.003522506	3.88E-04	-0.045370823	43.63491729	10.18392148	60.21972895	0.439459831	660	0	72.32181549	70.70679474	72.14877319	72.09109497	73.24467468	72.72556305	71.485466	87.31589616	79.36513241	77.68918168	71.48957976	70.55427657	70.89735937	72.21407053	68.57266998
AntagonistData	2008-03-28 16:13:44.268 GMT-07:00	24.24902725	23.92675591	23.92675591	23.82421684	120.3662109	120.3662109	24.07324409	25.05470276	24.84962273	0	0	0.219729915	0.219729915	0.014648661	23.73632431	23.51659393	1	0	1	1	1	1	1	0	0	0	0	0	0	0	0	0	0	0	0	0	0	0	0	0	0	0	1	1	1	1	1	1	1	1	1	11.84433991	11.85998031	1.643128565	0.012117892	-0.061011221	-0.014090026	-0.003522506	3.88E-04	-0.045370823	43.73201305	10.05131317	60.21972895	0.439459831	540	0	72.32181549	70.70679474	72.11993408	72.09109497	73.24467468	72.72556305	71.485466	87.31589616	79.81738812	78.04508204	71.48283706	70.55252087	70.90505379	72.21183033	68.57266998
AntagonistData	2008-03-28 16:13:44.768 GMT-07:00	24.26367569	23.8095665	23.79491806	23.88281059	120.4394531	120.3662109	24.07324409	25.05470276	24.8789196	0.029297322	0	0.219729915	0.219729915	0.014648661	23.73632431	23.51659393	1	0	1	1	1	1	1	0	0	0	0	0	0	0	0	0	0	0	0	0	0	0	0	0	0	0	1	1	1	1	1	1	1	1	1	11.82869951	11.84433991	1.631398266	0.012117892	-0.076653075	-0.014090026	3.88E-04	3.88E-04	-0.045370823	43.6574607	10.40034702	60.21972895	0.439459831	600	0	72.3506546	70.70679474	72.11993408	72.09109497	73.24467468	72.72556305	71.485466	88.01099633	79.81738812	78.04508204	71.48449953	70.55759732	70.90655946	72.20929282	68.63034821
AntagonistData	2008-03-28 16:13:45.300 GMT-07:00	24.23437881	23.78026962	23.8095665	23.89745903	120.3662109	120.4394531	23.97070313	25.05470276	24.8789196	0.014648661	0	0.219729915	0.219729915	0.014648661	23.73632431	23.51659393	1	0	1	1	1	1	1	0	0	0	0	0	0	0	0	0	0	0	0	0	0	0	0	0	0	0	1	1	1	1	1	1	1	1	1	11.81305766	11.85998031	1.666589163	0.012117892	-0.061011221	-0.014090026	0.008207792	3.88E-04	-0.045370823	43.75615526	10.46598814	60.21972895	0.439459831	600	0	72.3506546	70.70679474	72.11993408	72.09109497	73.24467468	72.72556305	71.485466	88.01099633	80.11889458	78.31200143	71.48074004	70.54807209	70.89627915	72.21161028	68.63034821
AntagonistData	2008-03-28 16:13:45.768 GMT-07:00	24.21973038	23.95605469	23.92675591	23.75097275	120.3662109	120.3662109	24.04394531	25.05470276	24.80567551	0	0	0.219729915	0.219729915	0.014648661	23.73632431	23.51659393	1	0	1	1	1	1	1	0	0	0	0	0	0	0	0	0	0	0	0	0	0	0	0	0	0	0	1	1	1	1	1	1	1	1	1	11.81305766	11.84433991	1.674409362	0.016027992	-0.076653075	-0.014090026	3.88E-04	3.88E-04	-0.045370823	43.82162941	10.20887015	60.43946147	0.439459831	600	0	72.3506546	70.70679474	72.11993408	72.09109497	73.24467468	72.72556305	71.485466	88.01099633	80.11889458	78.31200143	71.4917261	70.55409131	70.90283345	72.2135306	68.51499176
AntagonistData	2008-03-28 16:13:46.253 GMT-07:00	24.21973038	23.95605469	23.95605469	23.78026962	120.3662109	120.3662109	23.98535156	25.05470276	24.82032585	0.029297322	0	0.219729915	0.219729915	0.014648661	23.73632431	23.51659393	1	0	1	1	1	1	1	0	0	0	0	0	0	0	0	0	0	0	0	0	0	0	0	0	0	0	1	1	1	1	1	1	1	1	1	11.79741726	11.84433991	1.654858864	0.008207792	-0.061011221	-0.014090026	-0.003522506	3.88E-04	-0.045370823	43.79068274	10.35721096	60.21972895	0.439459831	600	0	72.3506546	70.70679474	72.11993408	72.11993408	73.24467468	72.72556305	71.485466	88.82699009	80.5108506	78.66790179	71.49904106	70.5553625	70.90069643	72.2170828	68.51499176
AntagonistData	2008-03-28 16:13:46.784 GMT-07:00	24.23437881	23.76562119	23.79491806	23.91210747	120.4394531	120.4394531	23.98535156	25.05470276	24.89356804	0.029297322	0	0.219729915	0.219729915	0	23.73632431	23.51659393	1	0	1	1	1	1	1	0	0	0	0	0	0	0	0	0	0	0	0	0	0	0	0	0	0	0	1	1	1	1	1	1	1	1	1	11.81305766	11.84433991	1.635308366	0.012117892	-0.076653075	-0.014090026	-0.003522506	0.004297693	-0.045370823	43.7403135	10.34327065	60.21972895	0.439459831	600	0	72.29297638	70.70679474	72.11993408	72.11993408	73.24467468	72.72556305	71.485466	88.82699009	80.5108506	78.66790179	71.49375824	70.55334399	70.9029395	72.22546697	68.63034821
AntagonistData	2008-03-28 16:13:47.268 GMT-07:00	24.21973038	23.88281059	23.85351372	23.79491806	120.3662109	120.4394531	24.02929688	25.04005432	24.83497429	0.029297322	0	0.219729915	0.219729915	0.014648661	23.73632431	23.51659393	1	0	1	1	1	1	1	0	0	0	0	0	0	0	0	0	0	0	0	0	0	0	0	0	0	0	1	1	1	1	1	1	1	1	1	11.84433991	11.85998031	1.639218465	0.008207792	-0.045370823	-0.014090026	0.008207792	3.88E-04	-0.045370823	43.7382093	10.42269865	60.21972895	0.439459831	600	0	72.29297638	70.70679474	72.14877319	72.09109497	73.24467468	72.72556305	71.485466	89.55231165	80.93294848	79.05345986	71.49042955	70.54856928	70.90066975	72.22082838	68.63034821
AntagonistData	2008-03-28 16:13:47.784 GMT-07:00	24.24902725	23.92675591	23.89745903	23.692379	120.3662109	120.3662109	24.01464844	25.05470276	24.80567551	0.029297322	0	0.219729915	0.219729915	0	23.73632431	23.51659393	1	0	1	1	1	1	1	0	0	0	0	0	0	0	0	0	0	0	0	0	0	0	0	0	0	0	1	1	1	1	1	1	1	1	1	11.82869951	11.81305766	1.639218465	0.012117892	-0.045370823	-0.014090026	3.88E-04	3.88E-04	-0.045370823	44.08772874	10.41335157	60.21972895	0.439459831	600	0	72.32181549	70.70679474	72.14877319	72.09109497	73.24467468	72.72556305	71.485466	89.55231165	80.93294848	79.05345986	71.50047404	70.55293246	70.89906588	72.22718493	68.51499176
AntagonistData	2008-03-28 16:13:48.268 GMT-07:00	24.23437881	23.92675591	23.76562119	23.91210747	120.2929688	120.3662109	24	25.05470276	24.86427116	0	0	0.219729915	0.14648661	0.014648661	23.73632431	23.51659393	1	0	1	1	1	1	1	0	0	0	0	0	0	0	0	0	0	0	0	0	0	0	0	0	0	0	1	1	1	1	1	1	1	1	1	11.81305766	11.81305766	1.654858864	0.008207792	-0.061011221	-0.014090026	-0.003522506	3.88E-04	-0.045370823	43.81403022	10.44772905	60.21972895	0.659189746	600	0	72.32181549	70.70679474	72.14877319	72.11993408	73.24467468	72.72556305	71.485466	90.30786261	81.26460479	79.37969466	71.49449385	70.54934954	70.90276629	72.23193261	68.51499176
AntagonistData	2008-03-28 16:13:48.768 GMT-07:00	24.21973038	23.83886528	23.78026962	23.86816216	120.3662109	120.4394531	23.94140625	25.05470276	24.84962273	0.029297322	0	0.219729915	0.219729915	0.014648661	23.73632431	23.51659393	1	0	1	1	1	1	1	0	0	0	0	0	0	0	0	0	0	0	0	0	0	0	0	0	0	0	1	1	1	1	1	1	1	1	1	11.81305766	11.85998031	1.639218465	0.008207792	-0.061011221	-0.014090026	-0.003522506	3.88E-04	-0.045370823	43.74878187	10.18540422	60.21972895	0.439459831	600	0	72.32181549	70.70679474	72.14877319	72.11993408	73.24467468	72.72556305	71.485466	90.30786261	81.26460479	79.37969466	71.49384502	70.55185791	70.89862017	72.23342122	68.63034821
AntagonistData	2008-03-28 16:13:49.300 GMT-07:00	24.23437881	23.8095665	23.8095665	23.88281059	120.3662109	120.3662109	24.01464844	25.05470276	24.86427116	0.014648661	0	0.219729915	0.14648661	0.014648661	23.73632431	23.51659393	1	0	1	1	1	1	1	0	0	0	0	0	0	0	0	0	0	0	0	0	0	0	0	0	0	0	1	1	1	1	1	1	1	1	1	11.75049606	11.84433991	1.647038665	0.012117892	-0.061011221	-0.014090026	-0.003522506	3.88E-04	-0.045370823	44.0436401	10.46530877	60.21972895	0.439459831	600	0	72.32181549	70.67795563	72.11993408	72.06225586	73.24467468	72.72556305	71.485466	90.94251998	81.59626111	79.6466219	71.49570251	70.54916347	70.90125189	72.23580487	68.63034821
AntagonistData	2008-03-28 16:13:49.753 GMT-07:00	24.20508194	23.83886528	23.91210747	23.78026962	120.3662109	120.3662109	24.02929688	25.05470276	24.83497429	0.029297322	0	0.219729915	0.219729915	0	23.73632431	23.51659393	1	0	1	1	1	1	1	0	0	0	0	0	0	0	0	0	0	0	0	0	0	0	0	0	0	0	1	1	1	1	1	1	1	1	1	11.79741726	11.85998031	1.639218465	0.012117892	-0.061011221	-0.014090026	3.88E-04	3.88E-04	-0.045370823	43.78331805	10.35195047	60.21972895	0.439459831	600	0	72.32181549	70.67795563	72.11993408	72.06225586	73.24467468	72.72556305	71.485466	90.94251998	81.59626111	79.6466219	71.49694474	70.55329913	70.90271879	72.23901909	68.51499176
AntagonistData	2008-03-28 16:13:50.253 GMT-07:00	24.21973038	23.78026962	23.78026962	23.78026962	120.3662109	120.4394531	24.01464844	25.05470276	24.84962273	0.029297322	0	0.219729915	0.219729915	0.014648661	23.73632431	23.51659393	1	0	1	1	1	1	1	0	0	0	0	0	0	0	0	0	0	0	0	0	0	0	0	0	0	0	1	1	1	1	1	1	1	1	1	11.81305766	11.85998031	1.666589163	0.012117892	-0.061011221	-0.014090026	3.88E-04	3.88E-04	-0.045370823	43.72170316	10.20161303	60.43946147	0.439459831	600	0	72.32181549	70.70679474	72.11993408	72.06225586	73.24467468	72.72556305	71.485466	91.75851374	81.98820915	79.6466219	71.49298964	70.55247226	70.9021097	72.23645317	68.51499176
AntagonistData	2008-03-28 16:13:50.800 GMT-07:00	24.21973038	23.83886528	23.79491806	23.79491806	120.3662109	120.3662109	23.97070313	25.05470276	24.83497429	0.029297322	0	0.219729915	0.14648661	0.014648661	23.73632431	23.51659393	1	0	1	1	1	1	1	0	0	0	0	0	0	0	0	0	0	0	0	0	0	0	0	0	0	0	1	1	1	1	1	1	1	1	1	11.79741726	11.84433991	1.670499262	0.012117892	-0.061011221	-0.014090026	0.008207792	3.88E-04	-0.045370823	43.89112468	10.318077	60.43946147	0.439459831	600	0	72.32181549	70.70679474	72.11993408	72.09109497	73.24467468	72.72556305	71.485466	91.75851374	81.98820915	80.00251441	71.48867081	70.55327509	70.90077272	72.23915988	68.51499176
AntagonistData	2008-03-28 16:13:51.300 GMT-07:00	24.20508194	23.75097275	23.76562119	23.88281059	120.3662109	120.3662109	23.94140625	25.05470276	24.86427116	0.029297322	0	0.219729915	0.14648661	0	23.72167587	23.53124237	1	0	1	1	1	1	1	0	0	0	0	0	0	0	0	0	0	0	0	0	0	0	0	0	0	0	1	1	1	1	1	1	1	1	1	11.81305766	11.85998031	1.647038665	0.008207792	-0.061011221	-0.014090026	-0.003522506	0.004297693	-0.045370823	43.63325727	10.13628048	60.21972895	0.439459831	600	0	72.3506546	70.70679474	72.11993408	72.09109497	73.24467468	72.72556305	71.51430511	92.42339251	82.41031501	80.00251441	71.49362214	70.54918579	70.8990539	72.23946244	68.65918732
AntagonistData	2008-03-28 16:13:51.768 GMT-07:00	24.23437881	23.78026962	23.76562119	23.82421684	120.3662109	120.4394531	23.95605469	25.05470276	24.86427116	0.043945983	0	0.219729915	0.219729915	0.014648661	23.72167587	23.53124237	1	0	1	1	1	1	1	0	0	0	0	0	0	0	0	0	0	0	0	0	0	0	0	0	0	0	1	1	1	1	1	1	1	1	1	11.76613646	11.85998031	1.647038665	0.008207792	-0.045370823	-0.014090026	3.88E-04	0.004297693	-0.045370823	43.83329275	10.31394339	60.21972895	0.439459831	600	0	72.3506546	70.70679474	72.11993408	72.09109497	73.24467468	72.72556305	71.51430511	92.42339251	82.41031501	80.29909935	71.49682913	70.54310194	70.90244519	72.23858782	68.65918732
AntagonistData	2008-03-28 16:13:52.268 GMT-07:00	24.1904335	23.89745903	23.89745903	23.76562119	120.3662109	120.3662109	23.95605469	25.05470276	24.83497429	0	0	0.219729915	0.219729915	0.014648661	23.72167587	23.53124237	1	0	1	1	1	1	1	0	0	0	0	0	0	0	0	0	0	0	0	0	0	0	0	0	0	0	1	1	1	1	1	1	1	1	1	11.82869951	11.81305766	1.643128565	0.012117892	-0.045370823	-0.014090026	3.88E-04	3.88E-04	-0.045370823	43.14351032	9.918880199	60.21972895	0.439459831	600	0	72.32181549	70.70679474	72.11993408	72.09109497	73.24467468	72.72556305	71.51430511	93.11849268	82.41031501	80.29909935	71.49619662	70.54516376	70.90243471	72.23789008	68.60150909
AntagonistData	2008-03-28 16:13:52.784 GMT-07:00	24.21973038	23.91210747	23.89745903	23.70702744	120.3662109	120.4394531	24.02929688	25.05470276	24.80567551	0	0	0.219729915	0.219729915	0.014648661	23.72167587	23.53124237	1	0	1	1	1	1	1	0	0	0	0	0	0	0	0	0	0	0	0	0	0	0	0	0	0	0	1	1	1	1	1	1	1	1	1	11.81305766	11.81305766	1.647038665	0.008207792	-0.045370823	-0.014090026	3.88E-04	3.88E-04	-0.045370823	42.62035407	9.372816642	60.21972895	0.439459831	600	0	72.32181549	70.70679474	72.11993408	72.11993408	73.24467468	72.72556305	71.51430511	93.11849268	82.80227102	80.65499971	71.49012116	70.54426127	70.90073056	72.23501889	68.60150909
AntagonistData	2008-03-28 16:13:53.268 GMT-07:00	24.20508194	23.76562119	23.79491806	23.91210747	120.3662109	120.3662109	23.94140625	25.05470276	24.8789196	0.029297322	0	0.219729915	0.219729915	0.014648661	23.72167587	23.53124237	1	0	1	1	1	1	1	0	0	0	0	0	0	0	0	0	0	0	0	0	0	0	0	0	0	0	1	1	1	1	1	1	1	1	1	11.79741726	11.84433991	1.674409362	0.012117892	-0.061011221	-0.014090026	3.88E-04	0.004297693	-0.045370823	42.46629671	8.730150532	60.00000238	0.659189746	540	0	72.29297638	70.70679474	72.11993408	72.11993408	73.24467468	72.72556305	71.51430511	93.81359284	82.80227102	80.65499971	71.49790885	70.53970632	70.9062231	72.2282983	68.57266998
AntagonistData	2008-03-28 16:13:53.768 GMT-07:00	24.21973038	23.86816216	23.88281059	23.86816216	120.3662109	120.4394531	24	25.05470276	24.86427116	0.014648661	0	0.219729915	0.219729915	0.014648661	23.72167587	23.53124237	1	0	1	1	1	1	1	0	0	0	0	0	0	0	0	0	0	0	0	0	0	0	0	0	0	0	1	1	1	1	1	1	1	1	1	11.82869951	11.85998031	1.674409362	0.008207792	-0.076653075	-0.014090026	-0.003522506	3.88E-04	-0.045370823	43.04054902	8.607642461	60.21972895	0.439459831	600	0	72.29297638	70.70679474	72.14877319	72.09109497	73.21583557	72.72556305	71.51430511	93.81359284	83.13392733	81.01089222	71.49461714	70.53964355	70.90500268	72.23598638	68.57266998
AntagonistData	2008-03-28 16:13:54.253 GMT-07:00	24.21973038	23.78026962	23.76562119	23.75097275	120.3662109	120.3662109	23.95605469	25.04005432	24.82032585	0.029297322	0	0.219729915	0.219729915	0	23.72167587	23.53124237	1	0	1	1	1	1	1	0	0	0	0	0	0	0	0	0	0	0	0	0	0	0	0	0	0	0	1	1	1	1	1	1	1	1	1	11.81305766	11.85998031	1.631398266	0.008207792	-0.045370823	-0.014090026	3.88E-04	-0.003522506	-0.045370823	43.24516681	8.571025289	60.21972895	0.219729915	600	0	72.32181549	70.70679474	72.14877319	72.09109497	73.21583557	72.72556305	71.51430511	93.81359284	83.13392733	81.01089222	71.49535579	70.5416794	70.90690185	72.23521586	68.51499176
AntagonistData	2008-03-28 16:13:54.768 GMT-07:00	24.20508194	23.89745903	23.88281059	23.70702744	120.2929688	120.4394531	23.95605469	25.05470276	24.84962273	0.014648661	0	0.219729915	0.219729915	0.014648661	23.72167587	23.53124237	1	0	1	1	1	1	1	0	0	0	0	0	0	0	0	0	0	0	0	0	0	0	0	0	0	0	1	1	1	1	1	1	1	1	1	11.79741726	11.81305766	1.654858864	0.016027992	-0.045370823	-0.014090026	-0.003522506	-0.003522506	-0.045370823	43.14479324	8.952648008	60.21972895	0.219729915	600	0	72.32181549	70.67795563	72.11993408	72.09109497	73.21583557	72.72556305	71.51430511	94.47847961	83.52587537	81.30747717	71.49569982	70.5377098	70.90188416	72.239742	68.51499176
AntagonistData	2008-03-28 16:13:55.362 GMT-07:00	24.21973038	23.75097275	23.73632431	23.91210747	120.3662109	120.3662109	24.01464844	25.05470276	24.8789196	0.014648661	0	0.219729915	0.219729915	0.014648661	23.72167587	23.53124237	1	0	1	1	1	1	1	0	0	0	0	0	0	0	0	0	0	0	0	0	0	0	0	0	0	0	1	1	1	1	1	1	1	1	1	11.81305766	11.79741726	1.647038665	0.008207792	-0.045370823	-0.014090026	3.88E-04	3.88E-04	-0.045370823	42.46602043	8.579534913	60.21972895	0.439459831	600	0	72.3506546	70.67795563	72.11993408	72.09109497	73.21583557	72.72556305	71.51430511	94.47847961	83.52587537	81.30747717	71.49017817	70.54150762	70.90222269	72.23069108	68.51499176
AntagonistData	2008-03-28 16:13:55.768 GMT-07:00	24.1904335	23.8095665	23.8095665	23.79491806	120.3662109	120.4394531	23.98535156	25.05470276	24.8789196	0.029297322	0	0.219729915	0.14648661	0.014648661	23.72167587	23.53124237	1	0	1	1	1	1	1	0	0	0	0	0	0	0	0	0	0	0	0	0	0	0	0	0	0	0	1	1	1	1	1	1	1	1	1	11.79741726	11.81305766	1.635308366	0.012117892	-0.061011221	-0.014090026	-0.003522506	3.88E-04	-0.045370823	42.82862674	8.588573429	60.21972895	0.439459831	600	0	72.3506546	70.70679474	72.14877319	72.09109497	73.21583557	72.72556305	71.51430511	95.20380117	83.85753168	81.66337753	71.48770401	70.53317397	70.90395566	72.23977187	68.51499176
AntagonistData	2008-03-28 16:13:56.315 GMT-07:00	24.21973038	23.91210747	23.88281059	23.692379	120.3662109	120.3662109	24.04394531	25.05470276	24.80567551	0	0	0.219729915	0.219729915	0.014648661	23.72167587	23.53124237	1	0	1	1	1	1	1	0	0	0	0	0	0	0	0	0	0	0	0	0	0	0	0	0	0	0	1	1	1	1	1	1	1	1	1	11.79741726	11.84433991	1.658768964	0.012117892	-0.045370823	-0.014090026	3.88E-04	3.88E-04	-0.045370823	42.73361576	8.389962896	60.21972895	0.439459831	600	0	72.3506546	70.70679474	72.14877319	72.09109497	73.21583557	72.72556305	71.51430511	95.20380117	83.85753168	81.66337753	71.49107731	70.5370538	70.90233779	72.23929142	68.65918732
AntagonistData	2008-03-28 16:13:56.768 GMT-07:00	24.23437881	23.75097275	23.76562119	23.91210747	120.3662109	120.4394531	24.01464844	25.05470276	24.89356804	0.014648661	0	0.219729915	0.219729915	0.014648661	23.72167587	23.53124237	1	0	1	1	1	1	1	0	0	0	0	0	0	0	0	0	0	0	0	0	0	0	0	0	0	0	1	1	1	1	1	1	1	1	1	11.70357487	11.84433991	1.627488167	0.008207792	-0.076653075	-0.014090026	3.88E-04	3.88E-04	-0.045370823	42.32166923	8.522102386	60.21972895	0.439459831	600	0	72.3506546	70.64911652	72.14877319	72.11993408	73.21583557	72.72556305	71.51430511	95.89890134	84.27963755	82.01927004	71.49323739	70.53386199	70.91052238	72.23456399	68.65918732
FaultInject	2008-03-28 16:13:57.300 GMT-07:00	Hardware	Hardware	Hardware Fault	TRUE	Hardware fault to be injected by human into the testbed.		"Component ID=Inverter1,Info=switch off"																																																																										
FaultInject	2008-03-28 16:13:57.300 GMT-07:00	ST515	Sensor	StuckAt	TRUE	"Over-writes the nominal value with a fixed, user-entered value."	Abrupt	Stuck At=600																																																																										
AntagonistData	2008-03-28 16:13:57.300 GMT-07:00	24.43946075	24.45410919	24.45410919	24.43946075	0.512703136	0.512703136	24.45410919	25.05470276	25.04005432	0.014648661	0	0.219729915	0.219729915	0	23.72167587	23.53124237	1	0	1	1	1	1	1	0	0	0	0	0	0	0	0	0	0	0	0	0	0	0	0	0	0	0	1	1	1	1	1	1	1	1	1	0.03283117	0.079752365	3.88E-04	0.008207792	-0.076653075	-0.014090026	3.88E-04	-0.003522506	-0.045370823	11.5059716	8.20869321	18.0178538	0.439459831	600	0	72.3506546	70.64911652	72.14877319	72.11993408	73.24467468	72.72556305	71.51430511	95.89890134	84.27963755	82.01927004	71.49283723	70.53993593	70.90251949	72.23627876	68.54383087
AntagonistData	2008-03-28 16:13:57.784 GMT-07:00	24.46875763	24.48340607	24.4980545	24.46875763	0.219729915	0.219729915	24.46875763	25.05470276	25.02540588	0.014648661	0	0.219729915	0.219729915	0.014648661	23.72167587	23.53124237	1	0	1	1	1	1	1	0	0	0	0	0	0	0	0	0	0	0	0	0	0	0	0	0	0	0	1	1	1	1	1	1	1	1	1	0.048471568	0.079752365	3.88E-04	0.012117892	-0.061011221	-0.014090026	3.88E-04	3.88E-04	-0.045370823	11.39222371	8.215426128	15.38109481	0.439459831	600	0	72.32181549	70.67795563	72.09109497	72.06225586	73.24467468	72.72556305	71.51430511	95.77801574	84.2494877	81.93029691	71.48952912	70.54055598	70.90300723	72.23651723	68.54383087
AntagonistData	2008-03-28 16:13:58.269 GMT-07:00	24.46875763	24.4980545	24.51270294	24.4980545	0.14648661	0.14648661	24.51270294	25.05470276	25.04005432	0.029297322	0.014648661	0.219729915	0.219729915	0.014648661	23.72167587	23.53124237	1	0	1	1	1	1	1	0	0	0	0	0	0	0	0	0	0	0	0	0	0	0	0	0	0	0	1	1	1	1	1	1	1	1	1	0.048471568	0.079752365	0.008207792	3.88E-04	-0.061011221	-0.014090026	0.008207792	3.88E-04	-0.045370823	11.30225892	8.147408441	13.40352446	0.439459831	600	0	72.32181549	70.67795563	72.09109497	72.06225586	73.24467468	72.72556305	71.51430511	95.77801574	84.2494877	81.93029691	71.49785863	70.53824088	70.90312271	72.23651089	68.57266998
AntagonistData	2008-03-28 16:13:58.784 GMT-07:00	24.51270294	24.4980545	24.51270294	24.51270294	0.14648661	0.14648661	24.52735138	25.05470276	25.04005432	0.014648661	0	0.219729915	0.219729915	0.014648661	23.72167587	23.53124237	1	0	1	1	1	1	1	0	0	0	0	0	0	0	0	0	0	0	0	0	0	0	0	0	0	0	1	1	1	1	1	1	1	1	1	0.048471568	0.079752365	3.88E-04	0.008207792	-0.076653075	-0.014090026	-0.003522506	-0.003522506	-0.045370823	11.28204986	8.177946711	11.20622605	0.439459831	600	0	72.3506546	70.70679474	72.09109497	72.06225586	73.24467468	72.72556305	71.51430511	95.41535896	84.189188	81.93029691	71.49668885	70.53773253	70.90783401	72.24084621	68.57266998
AntagonistData	2008-03-28 16:13:59.284 GMT-07:00	24.52735138	24.52735138	24.51270294	24.52735138	0.14648661	0.14648661	24.52735138	25.05470276	25.04005432	0	0.014648661	0.219729915	0.219729915	0.014648661	23.72167587	23.53124237	1	0	1	1	1	1	1	0	0	0	0	0	0	0	0	0	0	0	0	0	0	0	0	0	0	0	1	1	1	1	1	1	1	1	1	0.048471568	0.079752365	-0.003522506	0.012117892	-0.076653075	-0.014090026	3.88E-04	3.88E-04	-0.045370823	11.39839447	8.21421673	10.76676622	0.439459831	600	0	72.3506546	70.70679474	72.09109497	72.09109497	73.24467468	72.72556305	71.51430511	95.41535896	84.189188	81.84132378	71.49579666	70.53804588	70.90201008	72.23487031	68.57266998
AntagonistData	2008-03-28 16:13:59.769 GMT-07:00	24.52735138	24.52735138	24.54199982	24.52735138	0.14648661	0.14648661	24.54199982	25.04005432	25.02540588	0	0.014648661	0.219729915	0.219729915	0.029297322	23.72167587	23.53124237	1	0	1	1	1	1	1	0	0	0	0	0	0	0	0	0	0	0	0	0	0	0	0	0	0	0	1	1	1	1	1	1	1	1	1	0.03283117	0.079752365	3.88E-04	0.008207792	-0.061011221	-0.014090026	3.88E-04	3.88E-04	-0.045370823	11.37870302	8.19344789	9.008926898	0.439459831	600	0	72.32181549	70.70679474	72.14877319	72.09109497	73.24467468	72.72556305	71.51430511	95.14335837	84.03843078	81.84132378	71.49684156	70.53710111	70.90366218	72.23594513	68.51499176
AntagonistData	2008-03-28 16:14:00.269 GMT-07:00	24.54199982	24.54199982	24.54199982	24.54199982	0.073243305	0.14648661	24.54199982	25.05470276	25.04005432	0.029297322	0.014648661	0.219729915	0.219729915	0.014648661	23.72167587	23.53124237	1	0	1	1	1	1	1	0	0	0	0	0	0	0	0	0	0	0	0	0	0	0	0	0	0	0	1	1	1	1	1	1	1	1	1	0.048471568	0.079752365	3.88E-04	0.008207792	-0.061011221	-0.014090026	3.88E-04	-0.003522506	-0.045370823	11.4193159	8.318911544	3.515678644	0.439459831	600	0	72.32181549	70.70679474	72.14877319	72.09109497	73.24467468	72.72556305	71.51430511	95.14335837	84.03843078	81.75235065	71.49154291	70.53253488	70.90084075	72.23904826	68.51499176
AntagonistData	2008-03-28 16:14:00.784 GMT-07:00	24.55664825	24.54199982	24.5712986	24.54199982	0.14648661	0.073243305	24.55664825	25.05470276	25.04005432	0.014648661	0	0.219729915	0.219729915	0.014648661	23.72167587	23.53124237	1	0	1	1	1	1	1	0	0	0	0	0	0	0	0	0	0	0	0	0	0	0	0	0	0	0	1	1	1	1	1	1	1	1	1	0.048471568	0.079752365	-0.003522506	0.012117892	-0.061011221	-0.014090026	-0.003522506	0.004297693	-0.045370823	11.40872722	8.257974251	0.439459831	0.439459831	600	0	72.3506546	70.73563385	72.11993408	72.09109497	73.24467468	72.72556305	71.51430511	94.93180858	84.00828093	81.75235065	71.4930806	70.54197626	70.90056414	72.23329033	68.51499176
AntagonistData	2008-03-28 16:14:01.269 GMT-07:00	24.55664825	24.5712986	24.5712986	24.5712986	0.14648661	0.14648661	24.55664825	25.05470276	25.02540588	0.014648661	0	0.219729915	0.219729915	0.014648661	23.72167587	23.53124237	1	0	1	1	1	1	1	0	0	0	0	0	0	0	0	0	0	0	0	0	0	0	0	0	0	0	1	1	1	1	1	1	1	1	1	0.064111967	0.079752365	-0.003522506	0.008207792	-0.045370823	-0.014090026	-0.003522506	0.004297693	-0.045370823	11.53214256	8.221581423	0.219729915	0.439459831	600	0	72.3506546	70.73563385	72.11993408	72.06225586	73.24467468	72.72556305	71.51430511	94.93180858	84.00828093	81.66337753	71.49482042	70.53708944	70.90038031	72.24110149	68.51499176
AntagonistData	2008-03-28 16:14:01.784 GMT-07:00	24.5712986	24.5712986	24.58594704	24.58594704	0.14648661	0.073243305	24.5712986	25.05470276	25.04005432	0.014648661	0.014648661	0.219729915	0.219729915	0.029297322	23.72167587	23.53124237	1	0	1	1	1	1	1	0	0	0	0	0	0	0	0	0	0	0	0	0	0	0	0	0	0	0	1	1	1	1	1	1	1	1	1	0.064111967	0.079752365	-0.003522506	0.012117892	-0.076653075	-0.014090026	3.88E-04	3.88E-04	-0.045370823	11.37288365	8.170815066	0.439459831	0.439459831	600	0	72.3506546	70.70679474	72.11993408	72.06225586	73.24467468	72.72556305	71.51430511	94.6900294	84.00828093	81.66337753	71.4946828	70.53701835	70.8998588	72.23314258	68.48615265
AntagonistData	2008-03-28 16:14:02.300 GMT-07:00	24.5712986	24.58594704	24.58594704	24.5712986	0.073243305	0.14648661	24.58594704	25.05470276	25.04005432	0.029297322	0.014648661	0.219729915	0.219729915	0.014648661	23.72167587	23.53124237	1	0	1	1	1	1	1	0	0	0	0	0	0	0	0	0	0	0	0	0	0	0	0	0	0	0	1	1	1	1	1	1	1	1	1	0.064111967	0.079752365	-0.003522506	0.008207792	-0.076653075	-0.014090026	0.008207792	3.88E-04	-0.045370823	11.39260793	8.089148456	0.219729915	0.439459831	600	0	72.3506546	70.70679474	72.11993408	72.11993408	73.24467468	72.72556305	71.51430511	94.6900294	83.97813108	81.60406211	71.49065892	70.54493127	70.89859155	72.241377	68.48615265
AntagonistData	2008-03-28 16:14:02.769 GMT-07:00	24.5712986	24.58594704	24.5712986	24.58594704	0.14648661	0.14648661	24.5712986	25.05470276	25.04005432	0.014648661	0	0.219729915	0.219729915	0.014648661	23.72167587	23.53124237	1	0	1	1	1	1	1	0	0	0	0	0	0	0	0	0	0	0	0	0	0	0	0	0	0	0	1	1	1	1	1	1	1	1	1	0.03283117	0.079752365	3.88E-04	0.008207792	-0.061011221	-0.014090026	0.008207792	3.88E-04	-0.045370823	11.3106113	8.02253341	0.219729915	0.439459831	600	0	72.32181549	70.67795563	72.11993408	72.11993408	73.24467468	72.72556305	71.51430511	94.44825821	83.97813108	81.60406211	71.49846237	70.53598242	70.9005756	72.24224854	68.45731354
AntagonistData	2008-03-28 16:14:03.269 GMT-07:00	24.5712986	24.60059547	24.58594704	24.58594704	0.14648661	0.14648661	24.58594704	25.04005432	25.04005432	0.014648661	0.014648661	0.219729915	0.219729915	0.014648661	23.72167587	23.53124237	1	0	1	1	1	1	1	0	0	0	0	0	0	0	0	0	0	0	0	0	0	0	0	0	0	0	1	1	1	1	1	1	1	1	1	0.048471568	0.079752365	3.88E-04	0.012117892	-0.061011221	-0.014090026	0.008207792	3.88E-04	-0.045370823	11.40898509	8.174940944	0.219729915	0.439459831	600	0	72.32181549	70.67795563	72.11993408	72.11993408	73.24467468	72.72556305	71.51430511	94.44825821	83.88768153	81.51508113	71.499652	70.54226977	70.90023711	72.24552533	68.45731354
AntagonistData	2008-03-28 16:14:03.831 GMT-07:00	24.58594704	24.58594704	24.60059547	24.60059547	0.14648661	0.073243305	24.58594704	25.0693531	25.02540588	0	0.014648661	0.219729915	0.219729915	0.014648661	23.72167587	23.53124237	1	0	1	1	1	1	1	0	0	0	0	0	0	0	0	0	0	0	0	0	0	0	0	0	0	0	1	1	1	1	1	1	1	1	1	0.048471568	0.079752365	-0.003522506	0.012117892	-0.061011221	-0.014090026	3.88E-04	3.88E-04	-0.045370823	11.4082579	8.169765545	0.439459831	0.439459831	600	0	72.3506546	70.67795563	72.11993408	72.11993408	73.24467468	72.72556305	71.51430511	94.44825821	83.88768153	81.51508113	71.49819561	70.53863296	70.9006617	72.244529	68.42847443
AntagonistData	2008-03-28 16:14:04.316 GMT-07:00	24.58594704	24.58594704	24.61524391	24.60059547	0.14648661	0.073243305	24.60059547	25.05470276	25.04005432	0.014648661	0	0.219729915	0.219729915	0.014648661	23.72167587	23.53124237	1	0	1	1	1	1	1	0	0	0	0	0	0	0	0	0	0	0	0	0	0	0	0	0	0	0	1	1	1	1	1	1	1	1	1	0.03283117	0.079752365	-0.003522506	0.008207792	-0.061011221	-0.014090026	3.88E-04	3.88E-04	-0.045370823	11.08046464	8.204637797	0.219729915	0.439459831	600	0	72.3506546	70.67795563	72.11993408	72.09109497	73.24467468	72.72556305	71.51430511	94.20647902	83.82738184	81.48542342	71.50219048	70.53915364	70.90388645	72.23696089	68.42847443
AntagonistData	2008-03-28 16:14:04.784 GMT-07:00	24.58594704	24.60059547	24.60059547	24.60059547	0.073243305	0.14648661	24.58594704	25.04005432	25.04005432	0.029297322	0.014648661	0.219729915	0.219729915	0	23.72167587	23.53124237	1	0	1	1	1	1	1	0	0	0	0	0	0	0	0	0	0	0	0	0	0	0	0	0	0	0	1	1	1	1	1	1	1	1	1	0.064111967	0.079752365	-0.003522506	0.012117892	-0.045370823	-0.014090026	3.88E-04	3.88E-04	-0.045370823	10.75214264	8.138597111	0.219729915	0.439459831	600	0	72.32181549	70.67795563	72.11993408	72.09109497	73.24467468	72.72556305	71.51430511	94.20647902	83.82738184	81.48542342	71.49310581	70.53393761	70.89888032	72.23964333	68.51499176
AntagonistData	2008-03-28 16:14:05.269 GMT-07:00	24.58594704	24.61524391	24.61524391	24.60059547	0.073243305	0.073243305	24.60059547	25.05470276	25.04005432	0.029297322	0.014648661	0.219729915	0.219729915	0.014648661	23.72167587	23.53124237	1	0	1	1	1	1	1	0	0	0	0	0	0	0	0	0	0	0	0	0	0	0	0	0	0	0	1	1	1	1	1	1	1	1	1	0.048471568	0.079752365	3.88E-04	0.008207792	-0.061011221	-0.014090026	0.008207792	3.88E-04	-0.045370823	10.75087851	7.964292213	0.219729915	0.439459831	600	0	72.32181549	70.67795563	72.11993408	72.11993408	73.24467468	72.72556305	71.51430511	93.99492923	83.82738184	81.45576571	71.50109288	70.53531003	70.90526331	72.24077955	68.51499176
AntagonistData	2008-03-28 16:14:05.753 GMT-07:00	24.60059547	24.60059547	24.61524391	24.61524391	0.073243305	0.073243305	24.60059547	25.05470276	25.04005432	0.014648661	0.014648661	0.219729915	0.219729915	0.014648661	23.72167587	23.53124237	1	0	1	1	1	1	1	0	0	0	0	0	0	0	0	0	0	0	0	0	0	0	0	0	0	0	1	1	1	1	1	1	1	1	1	0.064111967	0.079752365	3.88E-04	0.012117892	-0.061011221	-0.014090026	3.88E-04	3.88E-04	-0.045370823	10.99833124	7.742755162	0.219729915	0.439459831	600	0	72.32181549	70.67795563	72.11993408	72.11993408	73.21583557	72.72556305	71.51430511	93.99492923	83.82738184	81.45576571	71.50566495	70.53407002	70.90685039	72.24209125	68.54383087
AntagonistData	2008-03-28 16:14:06.253 GMT-07:00	24.61524391	24.61524391	24.60059547	24.61524391	0.073243305	0.073243305	24.60059547	25.05470276	25.04005432	0.014648661	0	0.219729915	0.219729915	0.014648661	23.72167587	23.53124237	1	0	1	1	1	1	1	0	0	0	0	0	0	0	0	0	0	0	0	0	0	0	0	0	0	0	1	1	1	1	1	1	1	1	1	0.048471568	0.079752365	3.88E-04	0.008207792	-0.061011221	-0.014090026	-0.003522506	3.88E-04	-0.045370823	11.23224066	7.830230103	0.439459831	0.439459831	600	0	72.29297638	70.67795563	72.14877319	72.11993408	73.21583557	72.72556305	71.51430511	93.72292865	83.76708214	81.36679258	71.49609077	70.53509274	70.90173252	72.24104406	68.54383087
AntagonistData	2008-03-28 16:14:06.753 GMT-07:00	24.60059547	24.62989235	24.62989235	24.61524391	0.14648661	0.073243305	24.61524391	25.04005432	25.04005432	0.029297322	0.014648661	0.219729915	0.219729915	0.014648661	23.72167587	23.53124237	1	0	1	1	1	1	1	0	0	0	0	0	0	0	0	0	0	0	0	0	0	0	0	0	0	0	1	1	1	1	1	1	1	1	1	0.048471568	0.079752365	0.008207792	0.012117892	-0.061011221	-0.014090026	3.88E-04	3.88E-04	-0.045370823	11.2616216	7.975653272	0.219729915	0.439459831	600	0	72.29297638	70.67795563	72.14877319	72.11993408	73.24467468	72.72556305	71.51430511	93.72292865	83.76708214	81.36679258	71.50180108	70.53751596	70.90516414	72.23975413	68.57266998
AntagonistData	2008-03-28 16:14:07.253 GMT-07:00	24.61524391	24.61524391	24.62989235	24.61524391	0.14648661	0.073243305	24.61524391	25.05470276	25.04005432	0	0	0.219729915	0.219729915	0.014648661	23.72167587	23.53124237	1	0	1	1	1	1	1	0	0	0	0	0	0	0	0	0	0	0	0	0	0	0	0	0	0	0	1	1	1	1	1	1	1	1	1	0.048471568	0.079752365	3.88E-04	0.008207792	-0.076653075	-0.014090026	3.88E-04	0.004297693	-0.045370823	11.033788	8.065863029	0.219729915	0.439459831	600	0	72.32181549	70.67795563	72.11993408	72.09109497	73.24467468	72.72556305	71.51430511	93.45093606	83.70678244	81.36679258	71.50262329	70.53653776	70.90239898	72.24131864	68.57266998
AntagonistData	2008-03-28 16:14:07.753 GMT-07:00	24.61524391	24.62989235	24.62989235	24.61524391	0.14648661	0.14648661	24.61524391	25.05470276	25.04005432	0.014648661	0	0.219729915	0.219729915	0.014648661	23.72167587	23.53124237	1	0	1	1	1	1	1	0	0	0	0	0	0	0	0	0	0	0	0	0	0	0	0	0	0	0	1	1	1	1	1	1	1	1	1	0.048471568	0.079752365	3.88E-04	0.012117892	-0.076653075	-0.014090026	3.88E-04	3.88E-04	-0.045370823	10.94770155	8.032598133	0.219729915	0.439459831	600	0	72.32181549	70.67795563	72.11993408	72.09109497	73.21583557	72.72556305	71.51430511	93.45093606	83.70678244	81.33713487	71.50376962	70.52723639	70.90059529	72.24011522	68.57266998
AntagonistData	2008-03-28 16:14:08.253 GMT-07:00	24.61524391	24.62989235	24.62989235	24.62989235	0.073243305	0.073243305	24.61524391	25.05470276	25.04005432	0	0.014648661	0.219729915	0.219729915	0.014648661	23.72167587	23.53124237	1	0	1	1	1	1	1	0	0	0	0	0	0	0	0	0	0	0	0	0	0	0	0	0	0	0	1	1	1	1	1	1	1	1	1	0.048471568	0.079752365	3.88E-04	0.008207792	-0.061011221	-0.014090026	0.008207792	3.88E-04	-0.045370823	11.25344368	8.205845564	0.219729915	0.439459831	600	0	72.32181549	70.67795563	72.11993408	72.09109497	73.21583557	72.72556305	71.51430511	93.20915687	83.58617507	81.33713487	71.50074243	70.52897326	70.89455394	72.24169513	68.54383087
AntagonistData	2008-03-28 16:14:08.753 GMT-07:00	24.62989235	24.62989235	24.64454079	24.62989235	0.14648661	0.14648661	24.62989235	25.05470276	25.04005432	0	0	0.219729915	0.219729915	0.014648661	23.72167587	23.53124237	1	0	1	1	1	1	1	0	0	0	0	0	0	0	0	0	0	0	0	0	0	0	0	0	0	0	1	1	1	1	1	1	1	1	1	0.064111967	0.079752365	-0.003522506	0.012117892	-0.061011221	-0.014090026	0.008207792	0.004297693	-0.045370823	10.83110422	7.947759755	0.219729915	0.439459831	600	0	72.32181549	70.67795563	72.11993408	72.11993408	73.24467468	72.72556305	71.51430511	93.20915687	83.58617507	81.24816175	71.49452446	70.52629337	70.898931	72.24236472	68.54383087
AntagonistData	2008-03-28 16:14:09.253 GMT-07:00	24.62989235	24.62989235	24.64454079	24.64454079	0.073243305	0.14648661	24.62989235	25.05470276	25.04005432	0	0	0.219729915	0.219729915	0.014648661	23.72167587	23.53124237	1	0	1	1	1	1	1	0	0	0	0	0	0	0	0	0	0	0	0	0	0	0	0	0	0	0	1	1	1	1	1	1	1	1	1	0.048471568	0.079752365	-0.003522506	0.008207792	-0.061011221	-0.014090026	-0.003522506	3.88E-04	-0.045370823	11.11209202	8.018526308	0.219729915	0.439459831	600	0	72.32181549	70.67795563	72.14877319	72.11993408	73.24467468	72.72556305	71.51430511	92.99760708	83.49572552	81.24816175	71.49867118	70.53328622	70.89921229	72.23760928	68.65918732
AntagonistData	2008-03-28 16:14:09.753 GMT-07:00	24.62989235	24.64454079	24.62989235	24.62989235	0.073243305	0.073243305	24.61524391	25.05470276	25.02540588	0.014648661	0.014648661	0.29297322	0.219729915	0.014648661	23.72167587	23.53124237	1	0	1	1	1	1	1	0	0	0	0	0	0	0	0	0	0	0	0	0	0	0	0	0	0	0	1	1	1	1	1	1	1	1	1	0.048471568	0.079752365	3.88E-04	0.012117892	-0.045370823	-0.014090026	0.008207792	3.88E-04	-0.045370823	11.00249658	8.187997455	0.219729915	0.439459831	600	0	72.32181549	70.67795563	72.14877319	72.11993408	73.24467468	72.72556305	71.51430511	92.99760708	83.49572552	81.24816175	71.49962461	70.53300809	70.89669753	72.23064279	68.65918732
AntagonistData	2008-03-28 16:14:10.269 GMT-07:00	24.62989235	24.64454079	24.64454079	24.64454079	0.14648661	0.14648661	24.62989235	25.04005432	25.04005432	0.014648661	0	0.219729915	0.219729915	0.014648661	23.72167587	23.53124237	1	0	1	1	1	1	1	0	0	0	0	0	0	0	0	0	0	0	0	0	0	0	0	0	0	0	1	1	1	1	1	1	1	1	1	0.03283117	0.079752365	3.88E-04	0.012117892	-0.061011221	-0.014090026	-0.003522506	3.88E-04	-0.045370823	10.89246635	7.884646706	0.219729915	0.439459831	600	0	72.32181549	70.67795563	72.14877319	72.11993408	73.24467468	72.72556305	71.51430511	92.75582789	83.49572552	81.24816175	71.50294203	70.53073594	70.89109986	72.23483084	68.42847443
AntagonistData	2008-03-28 16:14:10.753 GMT-07:00	24.62989235	24.64454079	24.64454079	24.62989235	0.14648661	0.073243305	24.62989235	25.05470276	25.04005432	0.014648661	0.014648661	0.219729915	0.219729915	0.014648661	23.72167587	23.53124237	1	0	1	1	1	1	1	0	0	0	0	0	0	0	0	0	0	0	0	0	0	0	0	0	0	0	1	1	1	1	1	1	1	1	1	0.064111967	0.079752365	-0.003522506	0.008207792	-0.061011221	-0.014090026	3.88E-04	3.88E-04	-0.045370823	10.89686041	7.963102866	0.219729915	0.219729915	600	0	72.32181549	70.67795563	72.14877319	72.09109497	73.21583557	72.72556305	71.51430511	92.75582789	83.49572552	81.18884633	71.50293647	70.53062125	70.89208159	72.23547641	68.42847443
AntagonistData	2008-03-28 16:14:11.253 GMT-07:00	24.62989235	24.64454079	24.64454079	24.62989235	0.073243305	0.14648661	24.62989235	25.05470276	25.04005432	0.014648661	0.014648661	0.219729915	0.219729915	0.014648661	23.72167587	23.53124237	1	0	1	1	1	1	1	0	0	0	0	0	0	0	0	0	0	0	0	0	0	0	0	0	0	0	1	1	1	1	1	1	1	1	1	0.048471568	0.079752365	3.88E-04	0.008207792	-0.061011221	-0.014090026	3.88E-04	3.88E-04	-0.045370823	10.84964699	7.829559122	0.219729915	0.659189746	600	0	72.32181549	70.67795563	72.14877319	72.09109497	73.21583557	72.72556305	71.51430511	92.5140567	83.49572552	81.18884633	71.50301247	70.5232746	70.89392621	72.22681065	68.63034821
AntagonistData	2008-03-28 16:14:11.753 GMT-07:00	24.62989235	24.64454079	24.64454079	24.64454079	0.14648661	0.073243305	24.62989235	25.05470276	25.04005432	0.014648661	0.014648661	0.219729915	0.219729915	0.014648661	23.72167587	23.53124237	1	0	1	1	1	1	1	0	0	0	0	0	0	0	0	0	0	0	0	0	0	0	0	0	0	0	1	1	1	1	1	1	1	1	1	0.048471568	0.079752365	-0.003522506	0.008207792	-0.061011221	-0.014090026	3.88E-04	-0.003522506	-0.045370823	10.90150202	8.109958357	0.219729915	0.439459831	600	0	72.32181549	70.67795563	72.14877319	72.11993408	73.24467468	72.72556305	71.51430511	92.5140567	83.40527597	81.0998732	71.50125476	70.52409091	70.89435108	72.22673593	68.63034821
AntagonistData	2008-03-28 16:14:12.253 GMT-07:00	24.64454079	24.65918922	24.64454079	24.64454079	0.14648661	0.14648661	24.62989235	25.04005432	25.04005432	0	0	0.219729915	0.219729915	0.014648661	23.72167587	23.53124237	1	0	1	1	1	1	1	0	0	0	0	0	0	0	0	0	0	0	0	0	0	0	0	0	0	0	1	1	1	1	1	1	1	1	1	0.048471568	0.079752365	3.88E-04	0.012117892	-0.076653075	-0.014090026	3.88E-04	-0.003522506	-0.045370823	11.01601127	8.088627887	0	0.439459831	600	0	72.3506546	70.67795563	72.14877319	72.11993408	73.24467468	72.72556305	71.51430511	92.5140567	83.40527597	81.0998732	71.49222487	70.52632471	70.89175	72.22212732	68.54383087
AntagonistData	2008-03-28 16:14:12.753 GMT-07:00	24.64454079	24.65918922	24.65918922	24.65918922	0.073243305	0.14648661	24.64454079	25.04005432	25.02540588	0	0.014648661	0.219729915	0.219729915	0.014648661	23.72167587	23.53124237	1	0	1	1	1	1	1	0	0	0	0	0	0	0	0	0	0	0	0	0	0	0	0	0	0	0	1	1	1	1	1	1	1	1	1	0.048471568	0.079752365	3.88E-04	0.012117892	-0.076653075	-0.014090026	3.88E-04	3.88E-04	-0.045370823	11.10934316	8.314834015	0.219729915	0.219729915	600	0	72.3506546	70.70679474	72.14877319	72.09109497	73.24467468	72.72556305	71.51430511	92.27228551	83.40527597	81.0998732	71.49950629	70.52412447	70.89011911	72.2181497	68.54383087
AntagonistData	2008-03-28 16:14:13.253 GMT-07:00	24.64454079	24.64454079	24.64454079	24.64454079	0.14648661	0.073243305	24.64454079	25.05470276	25.04005432	0.014648661	0	0.219729915	0.219729915	0.014648661	23.72167587	23.53124237	1	0	1	1	1	1	1	0	0	0	0	0	0	0	0	0	0	0	0	0	0	0	0	0	0	0	1	1	1	1	1	1	1	1	1	0.064111967	0.079752365	3.88E-04	0.008207792	-0.076653075	-0.014090026	3.88E-04	3.88E-04	-0.045370823	11.03701135	8.260166124	0.219729915	0.439459831	600	0	72.3506546	70.70679474	72.14877319	72.09109497	73.24467468	72.72556305	71.51430511	92.27228551	83.40527597	81.0998732	71.49735606	70.52954273	70.89765398	72.21567897	68.57266998
AntagonistData	2008-03-28 16:14:13.769 GMT-07:00	24.62989235	24.65918922	24.65918922	24.65918922	0.14648661	0.073243305	24.64454079	25.04005432	25.04005432	0.029297322	0.014648661	0.219729915	0.219729915	0	23.72167587	23.53124237	1	0	1	1	1	1	1	0	0	0	0	0	0	0	0	0	0	0	0	0	0	0	0	0	0	0	1	1	1	1	1	1	1	1	1	0.064111967	0.079752365	3.88E-04	0.008207792	-0.061011221	-0.014090026	3.88E-04	3.88E-04	-0.045370823	10.95123359	8.124790995	0.219729915	0.439459831	600	0	72.3506546	70.67795563	72.14877319	72.06225586	73.24467468	72.72556305	71.51430511	92.06072773	83.31482643	81.04054993	71.50029963	70.52754948	70.89226343	72.21274827	68.57266998
AntagonistData	2008-03-28 16:14:14.253 GMT-07:00	24.64454079	24.65918922	24.65918922	24.65918922	0.14648661	0.073243305	24.65918922	25.05470276	25.04005432	0.014648661	0.014648661	0.219729915	0.219729915	0.014648661	23.72167587	23.53124237	1	0	1	1	1	1	1	0	0	0	0	0	0	0	0	0	0	0	0	0	0	0	0	0	0	0	1	1	1	1	1	1	1	1	1	0.064111967	0.079752365	3.88E-04	0.016027992	-0.045370823	-0.014090026	-0.003522506	0.004297693	-0.045370823	11.15098874	8.226256559	0.219729915	0.439459831	600	0	72.3506546	70.67795563	72.14877319	72.06225586	73.24467468	72.72556305	71.51430511	92.06072773	83.31482643	81.04054993	71.49750938	70.52263895	70.89869884	72.21638357	68.48615265
AntagonistData	2008-03-28 16:14:14.753 GMT-07:00	24.65918922	24.67383766	24.67383766	24.65918922	0.14648661	0.14648661	24.65918922	25.05470276	25.04005432	0	0	0.219729915	0.219729915	0.014648661	23.72167587	23.53124237	1	0	1	1	1	1	1	0	0	0	0	0	0	0	0	0	0	0	0	0	0	0	0	0	0	0	1	1	1	1	1	1	1	1	1	0.048471568	0.079752365	3.88E-04	0.008207792	-0.061011221	-0.014090026	-0.003522506	3.88E-04	-0.045370823	10.97926452	8.166609248	0.219729915	0.439459831	600	0	72.3506546	70.70679474	72.14877319	72.11993408	73.24467468	72.72556305	71.51430511	91.78873514	83.31482643	81.01089222	71.49433129	70.52936683	70.89137297	72.21459555	68.48615265
AntagonistData	2008-03-28 16:14:15.253 GMT-07:00	24.65918922	24.67383766	24.65918922	24.65918922	0.14648661	0.073243305	24.65918922	25.05470276	25.04005432	0.014648661	0	0.219729915	0.219729915	0	23.72167587	23.53124237	1	0	1	1	1	1	1	0	0	0	0	0	0	0	0	0	0	0	0	0	0	0	0	0	0	0	1	1	1	1	1	1	1	1	1	0.064111967	0.079752365	3.88E-04	0.012117892	-0.061011221	-0.014090026	-0.003522506	3.88E-04	-0.045370823	11.05161243	7.986702996	0.219729915	0.439459831	600	0	72.3506546	70.70679474	72.14877319	72.11993408	73.21583557	72.72556305	71.51430511	91.78873514	83.31482643	81.01089222	71.50187999	70.53171821	70.89138161	72.21519401	68.51499176
AntagonistData	2008-03-28 16:14:15.753 GMT-07:00	24.64454079	24.65918922	24.67383766	24.65918922	0.073243305	0.073243305	24.64454079	25.05470276	25.05470276	0.014648661	0.014648661	0.29297322	0.219729915	0.014648661	23.72167587	23.53124237	1	0	1	1	1	1	1	0	0	0	0	0	0	0	0	0	0	0	0	0	0	0	0	0	0	0	1	1	1	1	1	1	1	1	1	0.03283117	0.079752365	3.88E-04	0.012117892	-0.076653075	-0.014090026	-0.003522506	3.88E-04	-0.045370823	11.04668138	7.918491803	0.219729915	0.439459831	600	0	72.32181549	70.70679474	72.11993408	72.09109497	73.21583557	72.72556305	71.51430511	91.60739875	83.25452673	80.9219191	71.49576794	70.52508712	70.90041064	72.21721751	68.51499176
AntagonistData	2008-03-28 16:14:16.253 GMT-07:00	24.65918922	24.65918922	24.67383766	24.67383766	0.14648661	0.14648661	24.64454079	25.05470276	25.04005432	0.014648661	0.014648661	0.219729915	0.219729915	0.014648661	23.72167587	23.53124237	1	0	1	1	1	1	1	0	0	0	0	0	0	0	0	0	0	0	0	0	0	0	0	0	0	0	1	1	1	1	1	1	1	1	1	0.03283117	0.079752365	3.88E-04	0.012117892	-0.076653075	-0.014090026	-0.003522506	-0.003522506	-0.045370823	11.17627006	8.229998215	0.219729915	0.439459831	600	0	72.32181549	70.70679474	72.11993408	72.09109497	73.24467468	72.72556305	71.51430511	91.60739875	83.25452673	80.9219191	71.50005099	70.52766607	70.89040816	72.21350295	68.51499176
AntagonistData	2008-03-28 16:14:16.753 GMT-07:00	24.65918922	24.67383766	24.67383766	24.65918922	0.073243305	0.073243305	24.65918922	25.05470276	25.02540588	0	0	0.219729915	0.219729915	0.014648661	23.72167587	23.53124237	1	0	1	1	1	1	1	0	0	0	0	0	0	0	0	0	0	0	0	0	0	0	0	0	0	0	1	1	1	1	1	1	1	1	1	0.03283117	0.079752365	3.88E-04	0.008207792	-0.061011221	-0.014090026	3.88E-04	3.88E-04	-0.045370823	11.10354372	8.248409949	0.219729915	0.439459831	600	0	72.29297638	70.67795563	72.11993408	72.09109497	73.24467468	72.72556305	71.51430511	91.36562756	83.16407718	80.9219191	71.50031529	70.53026098	70.88705148	72.21061357	68.51499176
AntagonistData	2008-03-28 16:14:17.269 GMT-07:00	24.65918922	24.67383766	24.68848801	24.65918922	0.073243305	0.073243305	24.64454079	25.05470276	25.04005432	0	0	0.29297322	0.219729915	0	23.72167587	23.53124237	1	0	1	1	1	1	1	0	0	0	0	0	0	0	0	0	0	0	0	0	0	0	0	0	0	0	1	1	1	1	1	1	1	1	1	0.048471568	0.079752365	3.88E-04	0.008207792	-0.061011221	-0.014090026	0.008207792	-0.003522506	-0.045370823	11.11695798	8.06337203	0.219729915	0.439459831	600	0	72.29297638	70.67795563	72.11993408	72.11993408	73.24467468	72.72556305	71.51430511	91.36562756	83.16407718	80.9219191	71.4968726	70.53024858	70.8946266	72.21626038	68.51499176
AntagonistData	2008-03-28 16:14:17.753 GMT-07:00	24.64454079	24.65918922	24.65918922	24.65918922	0.073243305	0.073243305	24.65918922	25.05470276	25.04005432	0.029297322	0.014648661	0.219729915	0.219729915	0.014648661	23.72167587	23.53124237	1	0	1	1	1	1	1	0	0	0	0	0	0	0	0	0	0	0	0	0	0	0	0	0	0	0	1	1	1	1	1	1	1	1	1	0.03283117	0.079752365	3.88E-04	0.012117892	-0.076653075	-0.014090026	-0.003522506	3.88E-04	-0.045370823	11.1035464	7.963352839	0.219729915	0.439459831	600	0	72.3506546	70.67795563	72.14877319	72.11993408	73.24467468	72.72556305	71.51430511	91.15406977	83.07361966	80.9219191	71.50389446	70.53324646	70.88869597	72.21832889	68.39963531
AntagonistData	2008-03-28 16:14:18.253 GMT-07:00	24.65918922	24.67383766	24.67383766	24.65918922	0.14648661	0.073243305	24.67383766	25.05470276	25.02540588	0.014648661	0.014648661	0.219729915	0.219729915	0	23.72167587	23.53124237	1	0	1	1	1	1	1	0	0	0	0	0	0	0	0	0	0	0	0	0	0	0	0	0	0	0	1	1	1	1	1	1	1	1	1	0.048471568	0.079752365	-0.003522506	0.008207792	-0.061011221	-0.014090026	0.008207792	0.004297693	-0.045370823	11.07205156	8.017423628	0.219729915	0.439459831	600	0	72.3506546	70.67795563	72.14877319	72.11993408	73.24467468	72.72556305	71.51430511	91.15406977	83.07361966	80.89226139	71.49748867	70.5329128	70.89376567	72.2110122	68.39963531
AntagonistData	2008-03-28 16:14:18.753 GMT-07:00	24.65918922	24.65918922	24.67383766	24.65918922	0.073243305	0.14648661	24.65918922	25.05470276	25.04005432	0.014648661	0	0.219729915	0.219729915	0.014648661	23.72167587	23.53124237	1	0	1	1	1	1	1	0	0	0	0	0	0	0	0	0	0	0	0	0	0	0	0	0	0	0	1	1	1	1	1	1	1	1	1	0.048471568	0.079752365	-0.003522506	0.008207792	-0.076653075	-0.014090026	-0.003522506	3.88E-04	-0.045370823	10.97216822	7.822983503	0.219729915	0.439459831	600	0	72.32181549	70.70679474	72.14877319	72.11993408	73.24467468	72.72556305	71.51430511	90.97274138	83.07361966	80.89226139	71.50060469	70.53720061	70.88585115	72.21089009	68.57266998
AntagonistData	2008-03-28 16:14:19.269 GMT-07:00	24.65918922	24.67383766	24.68848801	24.67383766	0.073243305	0.073243305	24.67383766	25.05470276	25.05470276	0.014648661	0	0.219729915	0.219729915	0.014648661	23.72167587	23.53124237	1	0	1	1	1	1	1	0	0	0	0	0	0	0	0	0	0	0	0	0	0	0	0	0	0	0	1	1	1	1	1	1	1	1	1	0.048471568	0.079752365	3.88E-04	0.016027992	-0.045370823	-0.014090026	-0.003522506	-0.003522506	-0.045370823	10.89141425	7.806528352	0.439459831	0.439459831	600	0	72.32181549	70.70679474	72.11993408	72.06225586	73.24467468	72.72556305	71.51430511	90.97274138	83.04346981	80.86260368	71.50358686	70.54013988	70.89286781	72.21156594	68.57266998
AntagonistData	2008-03-28 16:14:19.769 GMT-07:00	24.65918922	24.68848801	24.67383766	24.67383766	0.073243305	0.073243305	24.65918922	25.05470276	25.04005432	0.014648661	0.014648661	0.219729915	0.14648661	0.014648661	23.72167587	23.53124237	1	0	1	1	1	1	1	0	0	0	0	0	0	0	0	0	0	0	0	0	0	0	0	0	0	0	1	1	1	1	1	1	1	1	1	0.048471568	0.079752365	3.88E-04	0.012117892	-0.045370823	-0.014090026	3.88E-04	-0.003522506	-0.045370823	10.74202155	7.585187648	0.219729915	0.439459831	600	0	72.32181549	70.67795563	72.11993408	72.06225586	73.24467468	72.72556305	71.51430511	90.76119159	83.04346981	80.86260368	71.50715981	70.53884665	70.89101492	72.20625603	68.65918732
AntagonistData	2008-03-28 16:14:20.253 GMT-07:00	24.65918922	24.67383766	24.68848801	24.67383766	0.073243305	0.073243305	24.65918922	25.05470276	25.04005432	0	0.014648661	0.219729915	0.29297322	0.014648661	23.72167587	23.53124237	1	0	1	1	1	1	1	0	0	0	0	0	0	0	0	0	0	0	0	0	0	0	0	0	0	0	1	1	1	1	1	1	1	1	1	0.048471568	0.079752365	3.88E-04	0.008207792	-0.076653075	-0.014090026	0.008207792	3.88E-04	-0.045370823	10.97771672	7.612011425	0.219729915	0.439459831	600	0	72.32181549	70.67795563	72.11993408	72.09109497	73.24467468	72.72556305	71.51430511	90.76119159	82.95302026	80.74397284	71.4984674	70.54357723	70.88789508	72.20671433	68.65918732
AntagonistData	2008-03-28 16:14:20.753 GMT-07:00	24.67383766	24.67383766	24.67383766	24.67383766	0.14648661	0.073243305	24.67383766	25.05470276	25.04005432	0.029297322	0.014648661	0.219729915	0.219729915	0.014648661	23.72167587	23.53124237	1	0	1	1	1	1	1	0	0	0	0	0	0	0	0	0	0	0	0	0	0	0	0	0	0	0	1	1	1	1	1	1	1	1	1	0.064111967	0.079752365	3.88E-04	0.008207792	-0.045370823	-0.014090026	-0.003522506	-0.003522506	-0.045370823	10.80448457	7.516938091	0.219729915	0.439459831	600	0	72.3506546	70.67795563	72.11993408	72.09109497	73.24467468	72.72556305	71.51430511	90.76119159	82.95302026	80.74397284	71.50472561	70.5398925	70.89162642	72.20759591	68.71686554
AntagonistData	2008-03-28 16:14:21.253 GMT-07:00	24.65918922	24.68848801	24.68848801	24.67383766	0.073243305	0.073243305	24.67383766	25.05470276	25.04005432	0	0	0.219729915	0.219729915	0.014648661	23.72167587	23.53124237	1	0	1	1	1	1	1	0	0	0	0	0	0	0	0	0	0	0	0	0	0	0	0	0	0	0	1	1	1	1	1	1	1	1	1	0.064111967	0.079752365	3.88E-04	0.008207792	-0.076653075	-0.014090026	3.88E-04	3.88E-04	-0.045370823	10.76226909	7.507074663	0.219729915	0.439459831	600	0	72.3506546	70.67795563	72.11993408	72.06225586	73.24467468	72.72556305	71.51430511	90.5496338	82.80227102	80.71431513	71.50135987	70.53325592	70.89283387	72.20799848	68.71686554
AntagonistData	2008-03-28 16:14:21.753 GMT-07:00	24.67383766	24.67383766	24.68848801	24.68848801	0.14648661	0.14648661	24.67383766	25.0693531	25.04005432	0.014648661	0.014648661	0.219729915	0.219729915	0	23.72167587	23.53124237	1	0	1	1	1	1	1	0	0	0	0	0	0	0	0	0	0	0	0	0	0	0	0	0	0	0	1	1	1	1	1	1	1	1	1	0.03283117	0.079752365	3.88E-04	0.008207792	-0.061011221	-0.014090026	3.88E-04	3.88E-04	-0.045370823	10.84884181	7.605451291	0.219729915	0.439459831	600	0	72.32181549	70.67795563	72.11993408	72.06225586	73.24467468	72.72556305	71.51430511	90.5496338	82.80227102	80.71431513	71.50463972	70.54221554	70.8953201	72.2087493	68.42847443
AntagonistData	2008-03-28 16:14:22.253 GMT-07:00	24.65918922	24.67383766	24.68848801	24.68848801	0.14648661	0.073243305	24.67383766	25.05470276	25.04005432	0	0.014648661	0.219729915	0.219729915	0.029297322	23.72167587	23.53124237	1	0	1	1	1	1	1	0	0	0	0	0	0	0	0	0	0	0	0	0	0	0	0	0	0	0	1	1	1	1	1	1	1	1	1	0.03283117	0.079752365	-0.003522506	0.008207792	-0.045370823	-0.014090026	3.88E-04	0.004297693	-0.045370823	10.89575416	7.743533922	0.219729915	0.439459831	600	0	72.32181549	70.70679474	72.11993408	72.09109497	73.24467468	72.72556305	71.51430511	90.36830541	82.80227102	80.65499971	71.50861678	70.53635349	70.89550601	72.20689392	68.42847443
AntagonistData	2008-03-28 16:14:22.769 GMT-07:00	24.67383766	24.67383766	24.68848801	24.67383766	0.14648661	0.073243305	24.67383766	25.05470276	25.04005432	0.014648661	0.014648661	0.219729915	0.219729915	0.014648661	23.72167587	23.53124237	1	0	1	1	1	1	1	0	0	0	0	0	0	0	0	0	0	0	0	0	0	0	0	0	0	0	1	1	1	1	1	1	1	1	1	0.03283117	0.079752365	3.88E-04	0.012117892	-0.061011221	-0.014090026	3.88E-04	-0.003522506	-0.045370823	10.97512317	7.811992562	0.219729915	0.219729915	600	0	72.32181549	70.70679474	72.11993408	72.09109497	73.24467468	72.72556305	71.51430511	90.36830541	82.80227102	80.65499971	71.50205168	70.53966942	70.88648528	72.20649253	68.39963531
AntagonistData	2008-03-28 16:14:23.253 GMT-07:00	24.67383766	24.67383766	24.68848801	24.68848801	0.14648661	0.14648661	24.67383766	25.05470276	25.04005432	0	0	0.219729915	0.219729915	0.014648661	23.72167587	23.53124237	1	0	1	1	1	1	1	0	0	0	0	0	0	0	0	0	0	0	0	0	0	0	0	0	0	0	1	1	1	1	1	1	1	1	1	0.03283117	0.079752365	-0.003522506	0.012117892	-0.061011221	-0.014090026	3.88E-04	3.88E-04	-0.045370823	10.86991063	7.660874365	0.219729915	0.439459831	600	0	72.32181549	70.70679474	72.14877319	72.06225586	73.24467468	72.72556305	71.51430511	90.24741982	82.71182147	80.625342	71.50936751	70.53782399	70.88788679	72.20365672	68.39963531
AntagonistData	2008-03-28 16:14:23.753 GMT-07:00	24.67383766	24.70313644	24.67383766	24.67383766	0.14648661	0.14648661	24.67383766	25.04005432	25.04005432	0.014648661	0.014648661	0.219729915	0.14648661	0.014648661	23.72167587	23.53124237	1	0	1	1	1	1	1	0	0	0	0	0	0	0	0	0	0	0	0	0	0	0	0	0	0	0	1	1	1	1	1	1	1	1	1	0.064111967	0.079752365	-0.003522506	0.008207792	-0.061011221	-0.014090026	0.008207792	0.004297693	-0.045370823	10.94778922	7.572167811	0	0.439459831	600	0	72.32181549	70.70679474	72.14877319	72.06225586	73.24467468	72.72556305	71.51430511	90.24741982	82.71182147	80.625342	71.50239402	70.54289702	70.88887579	72.20791323	68.63034821
AntagonistData	2008-03-28 16:14:24.253 GMT-07:00	24.67383766	24.68848801	24.68848801	24.68848801	0.14648661	0.073243305	24.67383766	25.05470276	25.04005432	0	0.014648661	0.219729915	0.14648661	0	23.72167587	23.53124237	1	0	1	1	1	1	1	0	0	0	0	0	0	0	0	0	0	0	0	0	0	0	0	0	0	0	1	1	1	1	1	1	1	1	1	0.048471568	0.079752365	3.88E-04	0.008207792	-0.061011221	-0.014090026	3.88E-04	3.88E-04	-0.045370823	10.90833551	7.643089408	0.219729915	0.439459831	600	0	72.32181549	70.67795563	72.14877319	72.09109497	73.24467468	72.72556305	71.51430511	89.97541923	82.74197132	80.50670332	71.51583598	70.53864042	70.89240923	72.20898586	68.63034821
AntagonistData	2008-03-28 16:14:24.753 GMT-07:00	24.67383766	24.68848801	24.68848801	24.68848801	0.14648661	0.073243305	24.67383766	25.0693531	25.05470276	0.014648661	0.014648661	0.219729915	0.219729915	0.014648661	23.72167587	23.53124237	1	0	1	1	1	1	1	0	0	0	0	0	0	0	0	0	0	0	0	0	0	0	0	0	0	0	1	1	1	1	1	1	1	1	1	0.048471568	0.079752365	3.88E-04	0.012117892	-0.061011221	-0.014090026	3.88E-04	3.88E-04	-0.045370823	10.94469481	7.662429463	0.219729915	0.439459831	600	0	72.32181549	70.67795563	72.14877319	72.09109497	73.24467468	72.72556305	71.51430511	89.97541923	82.74197132	80.50670332	71.50984224	70.54298279	70.89278436	72.21159051	68.63034821
AntagonistData	2008-03-28 16:14:25.253 GMT-07:00	24.65918922	24.67383766	24.70313644	24.68848801	0.073243305	0.073243305	24.67383766	25.04005432	25.04005432	0	0	0.219729915	0.219729915	0.014648661	23.72167587	23.53124237	1	0	1	1	1	1	1	0	0	0	0	0	0	0	0	0	0	0	0	0	0	0	0	0	0	0	1	1	1	1	1	1	1	1	1	0.03283117	0.079752365	0.008207792	0.008207792	-0.061011221	-0.014090026	-0.003522506	3.88E-04	-0.045370823	10.89607891	7.625312344	0.219729915	0.219729915	600	0	72.29297638	70.70679474	72.11993408	72.09109497	73.24467468	72.72556305	71.51430511	89.88475504	82.71182147	80.50670332	71.50769568	70.53671474	70.89357567	72.21499287	68.68802643
AntagonistData	2008-03-28 16:14:25.753 GMT-07:00	24.67383766	24.67383766	24.67383766	24.67383766	0.14648661	0.073243305	24.67383766	25.05470276	25.04005432	0	0	0.219729915	0.219729915	0.014648661	23.72167587	23.53124237	1	0	1	1	1	1	1	0	0	0	0	0	0	0	0	0	0	0	0	0	0	0	0	0	0	0	1	1	1	1	1	1	1	1	1	0.81485546	0.079752365	3.88E-04	0.008207792	-0.076653075	-0.014090026	-0.003522506	3.88E-04	-0.045370823	10.97111075	7.585719066	0.219729915	0.439459831	600	0	72.29297638	70.70679474	72.11993408	72.09109497	73.24467468	72.72556305	71.51430511	89.88475504	82.71182147	80.50670332	71.50808704	70.53948991	70.89691035	72.21487237	68.68802643
AntagonistData	2008-03-28 16:14:26.253 GMT-07:00	24.65918922	24.65918922	24.67383766	24.67383766	0.073243305	0.073243305	24.65918922	25.05470276	25.01075745	0.014648661	0	0.219729915	0.219729915	0.014648661	23.72167587	23.53124237	1	0	1	1	1	1	1	0	0	0	0	0	0	0	0	0	0	0	0	0	0	0	0	0	0	0	1	1	1	1	1	1	1	1	1	0.627170678	0.611528824	3.88E-04	0.012117892	-0.061011221	-0.014090026	-0.003522506	-0.003522506	-0.045370823	10.96609781	7.714905482	0	0.439459831	600	0	72.32181549	70.64911652	72.11993408	72.09109497	73.24467468	72.72556305	71.51430511	89.88475504	82.71182147	80.50670332	71.51184305	70.546465	70.88923269	72.21766159	68.71686554
AntagonistData	2008-03-28 16:14:26.753 GMT-07:00	24.65918922	24.64454079	24.65918922	24.65918922	0.073243305	0.073243305	24.65918922	25.05470276	25.02540588	0.014648661	0	0.219729915	0.219729915	0.014648661	23.72167587	23.53124237	1	0	1	1	1	1	1	0	0	0	0	0	0	0	0	0	0	0	0	0	0	0	0	0	0	0	1	1	1	1	1	1	1	1	1	0.81485546	0.767934264	0.008207792	0.008207792	-0.045370823	-0.014090026	3.88E-04	3.88E-04	-0.045370823	10.91140413	7.606103485	0.219729915	0.439459831	600	0	72.32181549	70.64911652	72.11993408	72.09109497	73.24467468	72.72556305	71.51430511	89.88475504	82.71182147	80.56602658	71.51073526	70.54348205	70.89549605	72.22007828	68.71686554
AntagonistData	2008-03-28 16:14:27.253 GMT-07:00	24.65918922	24.65918922	24.65918922	24.65918922	0.14648661	0.073243305	24.65918922	25.04005432	25.02540588	0	0	0.219729915	0.14648661	0	23.72167587	23.53124237	1	0	1	1	1	1	1	0	0	0	0	0	0	0	0	0	0	0	0	0	0	0	0	0	0	0	1	1	1	1	1	1	1	1	1	1.6438024	1.549960009	-0.003522506	0.012117892	-0.076653075	-0.014090026	0.008207792	-0.003522506	-0.045370823	10.81247461	7.496349694	0.219729915	0.439459831	600	0	72.29297638	70.67795563	72.11993408	72.09109497	73.24467468	72.72556305	71.51430511	89.52209026	82.71182147	80.56602658	71.50781024	70.54239408	70.89531098	72.22183816	68.51499176
AntagonistData	2008-03-28 16:14:27.753 GMT-07:00	24.67383766	24.67383766	24.68848801	24.67383766	0.073243305	0.14648661	24.67383766	25.04005432	25.04005432	0.029297322	0	0.219729915	0.14648661	0.014648661	23.72167587	23.53124237	1	0	1	1	1	1	1	0	0	0	0	0	0	0	0	0	0	0	0	0	0	0	0	0	0	0	1	1	1	1	1	1	1	1	1	0.048471568	0.595888426	-0.003522506	0.008207792	-0.076653075	-0.014090026	3.88E-04	-0.003522506	-0.045370823	10.93799026	7.671454823	0.439459831	0.439459831	600	0	72.29297638	70.67795563	72.14877319	72.09109497	73.24467468	72.72556305	71.51430511	89.52209026	82.5309144	80.47704561	71.51499152	70.54292453	70.89714776	72.21558387	68.51499176
