ExperimentControl	451	"StartTime = Mar 28, 2008 16:18:37.861"	"EndTime = Mar 28, 2008 16:19:39.743"	OperationCode = D1B1L1	OperationMode = 34	TestArticleName = none	"Comments = ""B1->L1A-1D. Relay stuck open, 10s pause, sensor fault   EXPERIMENT STOPPED"""	FaultType = abrupt	FaultMode = stuck0	FaultLocation = EY171/LT500	FaultInjection = software																																																																							
SensorData	Time	E135	E140	E142	E161	E165	E167	E181	E235	E240	E242	E261	E265	E267	E281	E335	E340	ESH141A	ESH144A	ESH160A	ESH170	ESH171	ESH172	ESH173	ESH174	ESH175	ESH183	ESH184	ESH241A	ESH244A	ESH260A	ESH270	ESH271	ESH272	ESH273	ESH274	ESH275	ESH283	ESH284	ESH341A	ESH344A	FT520	FT525	ISH136	ISH162	ISH166	ISH180	ISH236	ISH262	ISH266	ISH280	ISH336	IT140	IT161	IT167	IT181	IT240	IT261	IT267	IT281	IT340	LT500	LT505	ST165	ST265	ST515	ST516	TE128	TE129	TE133	TE228	TE229	TE328	TE329	TE500	TE501	TE502	TE505	TE506	TE507	TE510	TE511
AntagonistData	2008-03-28 16:18:38.289 GMT-07:00	24.77637863	24.77637863	0	0.029297322	0.073243305	0.073243305	0.014648661	25.04005432	25.04005432	0.014648661	0	0.29297322	0.219729915	0.014648661	23.73632431	23.72167587	0	0	0	0	0	0	0	0	0	0	0	0	0	0	0	0	0	0	0	0	0	0	0	0	0	0	1	1	1	1	1	1	1	1	1	0.048471568	0.079752365	3.88E-04	0.012117892	-0.061011221	-0.014090026	0.008207792	-0.003522506	-0.045370823	11.50084262	8.14517273	0.219729915	0.439459831	0	0	72.37949371	70.70679474	72.14877319	72.11993408	73.24467468	72.72556305	71.57198334	75.98269573	75.1742396	73.98191307	71.53284785	70.54735906	70.9001611	72.23526739	68.42847443
AntagonistData	2008-03-28 16:18:38.789 GMT-07:00	24.77637863	24.79102707	0	0.014648661	0.14648661	0.14648661	0	25.05470276	25.05470276	0.014648661	0.014648661	0.219729915	0.219729915	0.014648661	23.73632431	23.72167587	0	0	0	0	0	0	0	0	0	0	0	0	0	0	0	0	0	0	0	0	0	0	0	0	0	0	1	1	1	1	1	1	1	1	1	0.048471568	0.079752365	3.88E-04	0.016027992	-0.076653075	-0.014090026	-0.003522506	3.88E-04	-0.045370823	11.38146695	8.057827039	0.219729915	0.439459831	0	0	72.37949371	70.70679474	72.14877319	72.11993408	73.24467468	72.72556305	71.57198334	75.95247433	75.1742396	73.98191307	71.5293374	70.5421648	70.90364552	72.24065077	68.60150909
AntagonistData	2008-03-28 16:18:39.289 GMT-07:00	24.77637863	24.77637863	0	0.014648661	0.14648661	0.14648661	0	25.05470276	25.04005432	0.029297322	0.014648661	0.219729915	0.219729915	0.014648661	23.73632431	23.72167587	0	0	0	0	0	0	0	0	0	0	0	0	0	0	0	0	0	0	0	0	0	0	0	0	0	0	1	1	1	1	1	1	1	1	1	0.064111967	0.079752365	0.008207792	0.012117892	-0.045370823	-0.014090026	3.88E-04	3.88E-04	-0.045370823	11.50220416	8.198406879	0.219729915	0.439459831	0	0	72.37949371	70.70679474	72.1776123	72.11993408	73.24467468	72.72556305	71.57198334	75.95247433	75.14408975	73.95225536	71.53510404	70.54189102	70.89924	72.24336972	68.60150909
AntagonistData	2008-03-28 16:18:39.789 GMT-07:00	24.79102707	24.77637863	0	0.014648661	0.073243305	0.073243305	0	25.05470276	25.04005432	0.014648661	0	0.219729915	0.219729915	0.014648661	23.73632431	23.72167587	0	0	0	0	0	0	0	0	0	0	0	0	0	0	0	0	0	0	0	0	0	0	0	0	0	0	1	1	1	1	1	1	1	1	1	0.048471568	0.079752365	3.88E-04	0.008207792	-0.076653075	-0.014090026	3.88E-04	0.004297693	-0.045370823	11.51333629	8.086123672	0.219729915	0.439459831	0	0	72.3506546	70.70679474	72.1776123	72.11993408	73.24467468	72.72556305	71.57198334	75.95247433	75.14408975	73.95225536	71.52907825	70.54107167	70.89957013	72.24123156	68.48615265
AntagonistData	2008-03-28 16:18:40.273 GMT-07:00	24.77637863	24.77637863	0	0.014648661	0.14648661	0.073243305	0.014648661	25.04005432	25.05470276	0.029297322	0	0.219729915	0.219729915	0.014648661	23.73632431	23.72167587	0	0	0	0	0	0	0	0	0	0	0	0	0	0	0	0	0	0	0	0	0	0	0	0	0	0	1	1	1	1	1	1	1	1	1	0.064111967	0.079752365	-0.003522506	0.008207792	-0.061011221	-0.014090026	-0.003522506	-0.003522506	-0.045370823	11.44789412	8.035818844	0.219729915	0.439459831	0	0	72.3506546	70.70679474	72.14877319	72.11993408	73.24467468	72.72556305	71.57198334	75.95247433	75.14408975	73.89293995	71.53302853	70.54765582	70.9028159	72.24383864	68.48615265
AntagonistData	2008-03-28 16:18:40.789 GMT-07:00	24.77637863	24.77637863	0	0.014648661	0.14648661	0.073243305	0.014648661	25.05470276	25.04005432	0.014648661	0.014648661	0.219729915	0.219729915	0.014648661	23.73632431	23.72167587	0	0	0	0	0	0	0	0	0	0	0	0	0	0	0	0	0	0	0	0	0	0	0	0	0	0	1	1	1	1	1	1	1	1	1	0.048471568	0.079752365	-0.003522506	0.012117892	-0.076653075	-0.014090026	-0.003522506	3.88E-04	-0.045370823	11.67005353	8.149947641	0.219729915	0.439459831	0	0	72.32181549	70.70679474	72.14877319	72.11993408	73.24467468	72.72556305	71.57198334	75.95247433	75.14408975	73.89293995	71.53467943	70.54399844	70.89326382	72.24136486	68.48615265
AntagonistData	2008-03-28 16:18:41.398 GMT-07:00	24.77637863	24.77637863	0.014648661	0.014648661	0.14648661	0.073243305	0	25.05470276	25.04005432	0.014648661	0	0.219729915	0.219729915	0.014648661	23.73632431	23.72167587	0	0	0	0	0	0	0	0	0	0	0	0	0	0	0	0	0	0	0	0	0	0	0	0	0	0	1	1	1	1	1	1	1	1	1	0.048471568	0.095392764	3.88E-04	0.008207792	-0.045370823	-0.014090026	3.88E-04	3.88E-04	-0.045370823	11.46073134	8.073629996	0.219729915	0.439459831	0	0	72.32181549	70.70679474	72.14877319	72.11993408	73.24467468	72.72556305	71.57198334	75.89203154	75.14408975	73.89293995	71.53047147	70.54266279	70.89699998	72.24531827	68.48615265
AntagonistData	2008-03-28 16:18:41.773 GMT-07:00	24.77637863	24.79102707	0.014648661	0.029297322	0.14648661	0.073243305	0	25.04005432	25.04005432	0.029297322	0.014648661	0.219729915	0.219729915	0.014648661	23.73632431	23.72167587	0	0	0	0	0	0	0	0	0	0	0	0	0	0	0	0	0	0	0	0	0	0	0	0	0	0	1	1	1	1	1	1	1	1	1	0.03283117	0.079752365	3.88E-04	0.012117892	-0.076653075	-0.014090026	-0.003522506	3.88E-04	-0.045370823	11.39839447	8.136229888	0.219729915	0.439459831	0	0	72.32181549	70.70679474	72.14877319	72.11993408	73.24467468	72.72556305	71.57198334	75.89203154	75.14408975	73.89293995	71.53096127	70.5429487	70.89479806	72.23618425	68.54383087
AntagonistData	2008-03-28 16:18:42.304 GMT-07:00	24.79102707	24.77637863	0	0.014648661	0.073243305	0.073243305	0	25.05470276	25.04005432	0.014648661	0	0.219729915	0.219729915	0.014648661	23.73632431	23.72167587	0	0	0	0	0	0	0	0	0	0	0	0	0	0	0	0	0	0	0	0	0	0	0	0	0	0	1	1	1	1	1	1	1	1	1	0.048471568	0.079752365	3.88E-04	0.008207792	-0.061011221	-0.014090026	0.008207792	3.88E-04	-0.045370823	11.63524827	8.223948646	0.219729915	0.439459831	0	0	72.3506546	70.73563385	72.14877319	72.09109497	73.24467468	72.72556305	71.57198334	75.89203154	75.14408975	73.89293995	71.52858317	70.54821797	70.89915878	72.23561737	68.54383087
AntagonistData	2008-03-28 16:18:42.773 GMT-07:00	24.77637863	24.77637863	0.014648661	0.014648661	0.073243305	0.073243305	0.014648661	25.05470276	25.04005432	0	0	0.29297322	0.219729915	0.014648661	23.73632431	23.72167587	0	0	0	0	0	0	0	0	0	0	0	0	0	0	0	0	0	0	0	0	0	0	0	0	0	0	1	1	1	1	1	1	1	1	1	0.03283117	0.079752365	3.88E-04	0.008207792	-0.076653075	-0.014090026	3.88E-04	3.88E-04	-0.045370823	11.7140054	8.191889148	0.219729915	0.439459831	0	0	72.3506546	70.73563385	72.14877319	72.09109497	73.24467468	72.72556305	71.57198334	75.89203154	75.14408975	73.89293995	71.52895081	70.54231412	70.89849234	72.23777757	68.48615265
AntagonistData	2008-03-28 16:18:43.273 GMT-07:00	24.77637863	24.77637863	0.029297322	0.014648661	0.14648661	0.073243305	0.014648661	25.05470276	25.04005432	0.014648661	0.014648661	0.219729915	0.219729915	0.014648661	23.73632431	23.72167587	0	0	0	0	0	0	0	0	0	0	0	0	0	0	0	0	0	0	0	0	0	0	0	0	0	0	1	1	1	1	1	1	1	1	1	0.03283117	0.079752365	3.88E-04	0.012117892	-0.076653075	-0.014090026	3.88E-04	3.88E-04	-0.045370823	11.58093366	8.104403892	0.439459831	0.439459831	0	0	72.29297638	70.70679474	72.11993408	72.09109497	73.24467468	72.72556305	71.57198334	75.89203154	75.08379005	73.86328224	71.51952618	70.54422882	70.89990734	72.241699	68.48615265
UserCommand	2008-03-28 16:18:43.649 GMT-07:00	EY141_CL	1																																																																															
AntagonistCommand	2008-03-28 16:18:43.649 GMT-07:00	EY141_CL	1																																																																															
AntagonistData	2008-03-28 16:18:43.773 GMT-07:00	24.79102707	24.77637863	0	0.014648661	0.073243305	0.073243305	0	25.05470276	25.04005432	0.014648661	0.014648661	0.219729915	0.219729915	0.014648661	23.73632431	23.72167587	0	0	0	0	0	0	0	0	0	0	0	0	0	0	0	0	0	0	0	0	0	0	0	0	0	0	1	1	1	1	1	1	1	1	1	0.064111967	0.079752365	-0.003522506	0.012117892	-0.076653075	-0.014090026	-0.003522506	3.88E-04	-0.045370823	11.607543	8.222775349	0.219729915	0.439459831	0	0	72.29297638	70.70679474	72.11993408	72.09109497	73.27352142	72.72556305	71.57198334	75.89203154	75.08379005	73.86328224	71.5191791	70.54186569	70.89534395	72.2380843	68.48615265
AntagonistData	2008-03-28 16:18:44.273 GMT-07:00	24.77637863	24.77637863	24.79102707	0.014648661	0.073243305	0.14648661	0.014648661	25.05470276	25.04005432	0.029297322	0	0.219729915	0.219729915	0	23.73632431	23.72167587	1	0	0	0	0	0	0	0	0	0	0	0	0	0	0	0	0	0	0	0	0	0	0	0	0	0	1	1	1	1	1	1	1	1	1	0.064111967	0.079752365	3.88E-04	0.008207792	-0.061011221	-0.014090026	3.88E-04	3.88E-04	-0.045370823	11.84189448	8.274688269	0.219729915	0.439459831	0	0	72.3506546	70.70679474	72.1776123	72.09109497	73.27352142	72.72556305	71.57198334	75.83158874	75.08379005	73.86328224	71.52268413	70.54418066	70.89714777	72.23788032	68.39963531
AntagonistData	2008-03-28 16:18:44.789 GMT-07:00	24.77637863	24.77637863	24.79102707	0.014648661	0.14648661	0.14648661	0	25.05470276	25.04005432	0.014648661	0.014648661	0.29297322	0.219729915	0.014648661	23.73632431	23.72167587	1	0	0	0	0	0	0	0	0	0	0	0	0	0	0	0	0	0	0	0	0	0	0	0	0	0	1	1	1	1	1	1	1	1	1	0.03283117	0.079752365	-0.003522506	0.012117892	-0.061011221	-0.014090026	0.008207792	3.88E-04	-0.045370823	11.80542529	8.147539953	0.219729915	0.439459831	0	0	72.3506546	70.70679474	72.1776123	72.11993408	73.24467468	72.72556305	71.57198334	75.83158874	75.08379005	73.77430126	71.52445888	70.54600797	70.89460186	72.24050095	68.39963531
AntagonistData	2008-03-28 16:18:45.258 GMT-07:00	24.77637863	24.77637863	24.79102707	0.014648661	0.073243305	0.073243305	0	25.05470276	25.04005432	0	0	0.29297322	0.219729915	0.014648661	23.73632431	23.72167587	1	0	0	0	0	0	0	0	0	0	0	0	0	0	0	0	0	0	0	0	0	0	0	0	0	0	1	1	1	1	1	1	1	1	1	0.064111967	0.079752365	-0.003522506	0.012117892	-0.076653075	-0.014090026	3.88E-04	3.88E-04	-0.045370823	11.74151027	8.19988188	0.219729915	0.439459831	0	0	72.32181549	70.70679474	72.11993408	72.11993408	73.24467468	72.72556305	71.57198334	75.83158874	75.02349035	73.77430126	71.52145425	70.54053373	70.89082492	72.23830415	68.14007568
UserCommand	2008-03-28 16:18:45.460 GMT-07:00	EY160_CL	1																																																																															
AntagonistCommand	2008-03-28 16:18:45.460 GMT-07:00	EY160_CL	1																																																																															
AntagonistData	2008-03-28 16:18:45.789 GMT-07:00	24.77637863	24.77637863	24.79102707	24.77637863	0.14648661	0.073243305	24.79102707	25.05470276	25.02540588	0.014648661	0	0.219729915	0.219729915	0.014648661	23.73632431	23.72167587	1	0	1	0	0	0	0	0	0	0	0	0	0	0	0	0	0	0	0	0	0	0	0	0	0	0	1	1	1	1	1	1	1	1	1	0.064111967	0.079752365	-0.003522506	0.012117892	-0.061011221	-0.014090026	3.88E-04	0.004297693	-0.045370823	11.46967418	8.357828249	0.219729915	0.439459831	0	0	72.32181549	70.70679474	72.11993408	72.06225586	73.24467468	72.72556305	71.57198334	75.83158874	75.02349035	73.77430126	71.52720424	70.55048152	70.90623402	72.23646549	68.14007568
AntagonistData	2008-03-28 16:18:46.289 GMT-07:00	24.79102707	24.76173019	24.77637863	24.77637863	0.14648661	0.14648661	24.79102707	25.05470276	25.04005432	0	0	0.219729915	0.219729915	0.014648661	23.73632431	23.72167587	1	0	1	0	0	0	0	0	0	0	0	0	0	0	0	0	0	0	0	0	0	0	0	0	0	0	1	1	1	1	1	1	1	1	1	0.048471568	0.079752365	3.88E-04	0.008207792	-0.061011221	-0.014090026	3.88E-04	3.88E-04	-0.045370823	11.52049433	8.359902924	0.219729915	0.439459831	0	0	72.3506546	70.67795563	72.11993408	72.06225586	73.24467468	72.72556305	71.57198334	75.80136734	75.02349035	73.77430126	71.52705281	70.54066181	70.87307245	72.23692595	67.9382019
AntagonistData	2008-03-28 16:18:46.773 GMT-07:00	24.77637863	24.76173019	24.77637863	24.74708176	0.14648661	0.14648661	24.77637863	25.05470276	25.04005432	0.014648661	0	0.219729915	0.219729915	0	23.73632431	23.72167587	1	0	1	0	0	0	0	0	0	0	0	0	0	0	0	0	0	0	0	0	0	0	0	0	0	0	1	1	1	1	1	1	1	1	1	0.048471568	0.70537267	-0.003522506	0.012117892	-0.061011221	-0.014090026	-0.003522506	3.88E-04	-0.045370823	11.49189978	8.616907637	0.219729915	0.439459831	0	0	72.3506546	70.67795563	72.14877319	72.11993408	73.24467468	72.72556305	71.57198334	75.80136734	75.02349035	73.71498584	71.51782744	70.54231069	70.89956959	72.23906746	67.9382019
AntagonistData	2008-03-28 16:18:47.258 GMT-07:00	24.76173019	24.74708176	24.74708176	24.74708176	0.14648661	0.14648661	24.74708176	25.05470276	25.02540588	0.029297322	0	0.219729915	0.219729915	0	23.73632431	23.72167587	1	0	1	0	0	0	0	0	0	0	0	0	0	0	0	0	0	0	0	0	0	0	0	0	0	0	1	1	1	1	1	1	1	1	1	0.783574663	0.877418509	3.88E-04	0.012117892	-0.076653075	-0.014090026	0.008207792	3.88E-04	-0.045370823	11.77640668	8.69754083	0.219729915	0.439459831	0	0	72.29297638	70.76448059	72.14877319	72.11993408	73.24467468	72.72556305	71.57198334	75.74092454	75.02349035	73.71498584	71.51496165	70.54181035	70.89587339	72.24530704	68.05355835
AntagonistData	2008-03-28 16:18:47.758 GMT-07:00	24.74708176	24.70313644	24.71778488	24.70313644	0.14648661	0.073243305	24.73243332	25.05470276	25.02540588	0.014648661	0	0.219729915	0.219729915	0.029297322	23.73632431	23.72167587	1	0	1	0	0	0	0	0	0	0	0	0	0	0	0	0	0	0	0	0	0	0	0	0	0	0	1	1	1	1	1	1	1	1	1	1.065103291	1.065103291	3.88E-04	0.012117892	-0.061011221	-0.014090026	-0.003522506	3.88E-04	-0.045370823	12.06130286	8.639578348	0.219729915	0.439459831	0	0	72.29297638	70.76448059	72.11993408	72.09109497	73.27352142	72.72556305	71.57198334	75.74092454	75.02349035	73.71498584	71.52875304	70.53499721	70.89902779	72.24153963	68.05355835
AntagonistData	2008-03-28 16:18:48.258 GMT-07:00	24.73243332	24.68848801	24.68848801	24.67383766	0.073243305	0.073243305	24.68848801	25.05470276	25.01075745	0.029297322	0	0.219729915	0.219729915	0	23.73632431	23.72167587	1	0	1	0	0	0	0	0	0	0	0	0	0	0	0	0	0	0	0	0	0	0	0	0	0	0	1	1	1	1	1	1	1	1	1	1.894050231	1.690723596	3.88E-04	0.008207792	-0.061011221	-0.014090026	-0.003522506	3.88E-04	-0.045370823	12.21811114	8.404778168	0	0.439459831	0	0	72.37949371	70.76448059	72.11993408	72.09109497	73.27352142	72.72556305	71.57198334	75.74092454	75.02349035	73.71498584	71.51786642	70.53859183	70.90150494	72.24240316	67.96704102
AntagonistData	2008-03-28 16:18:48.789 GMT-07:00	24.76173019	24.76173019	24.76173019	24.74708176	0.14648661	0.073243305	24.76173019	25.04005432	25.04005432	0.029297322	0	0.219729915	0.219729915	0.014648661	23.73632431	23.72167587	1	0	1	0	0	0	0	0	0	0	0	0	0	0	0	0	0	0	0	0	0	0	0	0	0	0	1	1	1	1	1	1	1	1	1	0.048471568	0.54896723	3.88E-04	0.012117892	-0.076653075	-0.014090026	3.88E-04	0.004297693	-0.045370823	11.83111404	8.11013564	0.219729915	0.439459831	0	0	72.37949371	70.70679474	72.14877319	72.09109497	73.24467468	72.72556305	71.57198334	75.77114594	75.02349035	73.68532813	71.52126066	70.53842884	70.89653133	72.23752798	67.96704102
AntagonistData	2008-03-28 16:18:49.258 GMT-07:00	24.76173019	24.76173019	24.76173019	24.74708176	0.29297322	0.219729915	24.76173019	25.05470276	25.02540588	0	0	0.219729915	0.219729915	0.014648661	23.73632431	23.72167587	1	0	1	0	0	0	0	0	0	0	0	0	0	0	0	0	0	0	0	0	0	0	0	0	0	0	1	1	1	1	1	1	1	1	1	0.564607629	0.611528824	-0.003522506	0.012117892	-0.061011221	-0.014090026	-0.003522506	3.88E-04	-0.045370823	11.58899638	8.22316463	634.9507809	0.439459831	0	0	72.3506546	70.70679474	72.14877319	72.09109497	73.24467468	72.72556305	71.57198334	75.77114594	75.02349035	73.68532813	71.5219524	70.53627735	70.90316688	72.23955388	67.9382019
AntagonistData	2008-03-28 16:18:49.820 GMT-07:00	24.74708176	24.70313644	24.71778488	24.71778488	0.219729915	0.219729915	24.73243332	25.05470276	24.99610901	0	0	0.219729915	0.219729915	0.014648661	23.73632431	23.72167587	1	0	1	0	0	0	0	0	0	0	0	0	0	0	0	0	0	0	0	0	0	0	0	0	0	0	1	1	1	1	1	1	1	1	1	1.143306738	1.471756562	3.88E-04	0.012117892	-0.076653075	-0.014090026	3.88E-04	3.88E-04	-0.045370823	11.34177839	8.149863339	634.7310543	0.439459831	0	0	72.3506546	70.73563385	72.14877319	72.11993408	73.24467468	72.72556305	71.57198334	75.74092454	74.96319065	73.74464355	71.52409786	70.53761052	70.89873901	72.24005143	67.9382019
AntagonistData	2008-03-28 16:18:50.273 GMT-07:00	24.74708176	24.71778488	24.73243332	24.71778488	0.219729915	0.219729915	24.73243332	25.05470276	25.01075745	0.029297322	0	0.219729915	0.14648661	0.014648661	23.73632431	23.72167587	1	0	1	0	0	0	0	0	0	0	0	0	0	0	0	0	0	0	0	0	0	0	0	0	0	0	1	1	1	1	1	1	1	1	1	1.065103291	1.205868332	-0.003522506	0.008207792	-0.061011221	-0.014090026	3.88E-04	0.004297693	-0.045370823	11.51544049	8.326528302	634.9507809	0.219729915	0	0	72.3506546	70.73563385	72.14877319	72.11993408	73.24467468	72.72556305	71.57198334	75.74092454	74.96319065	73.74464355	71.51961363	70.53996938	70.89812902	72.24156216	67.9382019
AntagonistData	2008-03-28 16:18:50.804 GMT-07:00	24.74708176	24.71778488	24.71778488	24.71778488	0.29297322	0.219729915	24.73243332	25.05470276	25.01075745	0.014648661	0	0.219729915	0.219729915	0.014648661	23.73632431	23.72167587	1	0	1	0	0	0	0	0	0	0	0	0	0	0	0	0	0	0	0	0	0	0	0	0	0	0	1	1	1	1	1	1	1	1	1	1.080745144	1.174587535	-0.003522506	0.008207792	-0.045370823	-0.014090026	3.88E-04	3.88E-04	-0.045370823	12.1040667	8.349001447	635.1705074	0.439459831	0	0	72.3506546	70.70679474	72.11993408	72.11993408	73.24467468	72.72556305	71.57198334	75.71070314	74.9330408	73.71498584	71.52180159	70.53710909	70.89884702	72.24176813	67.9382019
AntagonistData	2008-03-28 16:18:51.258 GMT-07:00	24.73243332	24.71778488	24.70313644	24.70313644	44.90730286	48.93568397	24.70313644	25.05470276	25.04005432	0.014648661	0	0.219729915	0.219729915	0.014648661	23.73632431	23.72167587	1	0	1	0	0	0	0	0	0	0	0	0	0	0	0	0	0	0	0	0	0	0	0	0	0	0	1	1	1	1	1	1	1	1	1	1.12766634	1.174587535	3.88E-04	0.012117892	-0.061011221	-0.014090026	-0.003522506	3.88E-04	-0.045370823	12.07789316	8.211944918	632.3140144	0.439459831	0	0	72.3506546	70.70679474	72.11993408	72.11993408	73.24467468	72.72556305	71.57198334	75.71070314	74.9330408	73.71498584	71.52401778	70.53613871	70.90375816	72.23867408	68.05355835
AntagonistData	2008-03-28 16:18:51.758 GMT-07:00	24.73243332	24.70313644	24.71778488	24.71778488	121.0254049	121.1718893	24.73243332	25.05470276	25.01075745	0	0	0.219729915	0.219729915	0.014648661	23.73632431	23.72167587	1	0	1	0	0	0	0	0	0	0	0	0	0	0	0	0	0	0	0	0	0	0	0	0	0	0	1	1	1	1	1	1	1	1	1	1.065103291	1.143306738	-0.003522506	0.008207792	-0.076653075	-0.014090026	3.88E-04	3.88E-04	-0.045370823	11.59763573	8.113346734	68.34973693	0.219729915	0	0	72.29297638	70.70679474	72.14877319	72.09109497	73.24467468	72.72556305	71.57198334	75.68048175	74.87274111	73.62601271	71.51803889	70.54638758	70.89742211	72.24125486	68.05355835
UserCommand	2008-03-28 16:18:51.944 GMT-07:00	EY170_CL	1																																																																															
AntagonistCommand	2008-03-28 16:18:51.944 GMT-07:00	EY170_CL	1																																																																															
AntagonistData	2008-03-28 16:18:52.258 GMT-07:00	24.67383766	24.52735138	24.52735138	24.52735138	120.9521627	121.0986471	24.58594704	25.05470276	24.98146057	0.014648661	0	0.219729915	0.219729915	0.014648661	23.73632431	23.72167587	1	0	1	1	0	0	0	0	0	0	0	0	0	0	0	0	0	0	0	0	0	0	0	0	0	0	1	1	1	1	1	1	1	1	1	4.55391187	1.12766634	3.88E-04	0.008207792	-0.076653075	-0.014090026	3.88E-04	3.88E-04	-0.045370823	16.28684115	8.472244019	61.31837964	0.439459831	0	0	72.29297638	70.70679474	72.14877319	72.09109497	73.24467468	72.72556305	71.57198334	75.68048175	74.87274111	73.62601271	71.5299799	70.5416466	70.90447237	72.2401864	68.05355835
AntagonistData	2008-03-28 16:18:52.773 GMT-07:00	24.64454079	24.54199982	24.52735138	24.4980545	120.9521627	121.0254049	24.5712986	25.04005432	24.96681213	0.029297322	0	0.219729915	0.219729915	0.014648661	23.72167587	23.63378334	1	0	1	1	0	0	0	0	0	0	0	0	0	0	0	0	0	0	0	0	0	0	0	0	0	0	1	1	1	1	1	1	1	1	1	4.397507885	4.491350276	0.532164416	0.012117892	-0.061011221	-0.014090026	-0.003522506	3.88E-04	-0.045370823	44.48715889	9.331752573	60.65918803	0.439459831	0	0	72.37949371	70.70679474	72.1776123	72.09109497	73.24467468	72.72556305	71.51430511	76.07336792	75.08379005	73.62601271	71.52802471	70.53657089	70.8993191	72.23823446	67.90936279
AntagonistData	2008-03-28 16:18:53.258 GMT-07:00	24.64454079	24.48340607	24.48340607	24.4980545	120.9521627	121.0254049	24.5712986	25.04005432	24.96681213	0.014648661	0	0.219729915	0.219729915	0.014648661	23.72167587	23.63378334	1	0	1	1	0	0	0	0	0	0	0	0	0	0	0	0	0	0	0	0	0	0	0	0	0	0	1	1	1	1	1	1	1	1	1	4.319304437	4.428788682	0.536074516	0.012117892	-0.076653075	-0.014090026	-0.003522506	3.88E-04	-0.045370823	44.11854311	8.306538421	60.43946147	0.439459831	0	0	72.37949371	70.70679474	72.1776123	72.09109497	73.27352142	72.72556305	71.51430511	76.07336792	75.08379005	73.86328224	71.52270519	70.54552047	70.90566422	72.23925022	67.90936279
UserCommand	2008-03-28 16:18:53.303 GMT-07:00	EY171_CL	1																																																																															
AntagonistCommand	2008-03-28 16:18:53.303 GMT-07:00	EY171_CL	1																																																																															
AntagonistData	2008-03-28 16:18:53.758 GMT-07:00	24.5712986	24.35156822	24.35156822	24.23437881	120.7324362	120.8056784	24.42481041	25.05470276	24.89356804	0	0	0.219729915	0.219729915	0.014648661	23.72167587	23.63378334	1	0	1	1	1	0	0	0	0	0	0	0	0	0	0	0	0	0	0	0	0	0	0	0	0	0	1	1	1	1	1	1	1	1	1	8.105283498	8.246047085	1.091556772	0.008207792	-0.076653075	-0.014090026	-0.003522506	3.88E-04	-0.045370823	43.3782264	7.210774692	60.43946147	0.439459831	0	0	72.3506546	70.70679474	72.14877319	72.09109497	73.27352142	72.72556305	71.51430511	77.10091147	75.47574606	73.86328224	71.52668624	70.54571691	70.9054489	72.24088934	67.90936279
AntagonistData	2008-03-28 16:18:54.258 GMT-07:00	24.55664825	24.27832413	24.26367569	24.29297256	120.7324362	120.8056784	24.36621666	25.05470276	24.90821648	0	0	0.219729915	0.219729915	0.014648661	23.72167587	23.63378334	1	0	1	1	1	0	0	0	0	0	0	0	0	0	0	0	0	0	0	0	0	0	0	0	0	0	1	1	1	1	1	1	1	1	1	8.058360848	8.120923897	1.099376971	3.88E-04	-0.061011221	-0.014090026	0.008207792	3.88E-04	-0.045370823	43.12882388	7.0238445	60.43946147	0.439459831	120	0	72.3506546	70.70679474	72.14877319	72.09109497	73.27352142	72.72556305	71.51430511	77.10091147	75.47574606	74.27849017	71.52938917	70.54248946	70.90345251	72.2344675	67.90936279
UserCommand	2008-03-28 16:18:54.679 GMT-07:00	EY172_CL	1																																																																															
AntagonistCommand	2008-03-28 16:18:54.679 GMT-07:00	EY172_CL	1																																																																															
AntagonistData	2008-03-28 16:18:54.758 GMT-07:00	24.51270294	24.27832413	24.29297256	24.23437881	120.7324362	120.7324362	24.39551353	25.05470276	24.90821648	0.029297322	0	0.219729915	0.219729915	0	23.72167587	23.63378334	1	0	1	1	1	0	0	0	0	0	0	0	0	0	0	0	0	0	0	0	0	0	0	0	0	0	1	1	1	1	1	1	1	1	1	7.995799254	8.152204694	1.07591601	0.012117892	-0.061011221	-0.014090026	-0.003522506	3.88E-04	-0.045370823	43.38454415	7.150562651	60.43946147	0.439459831	120	0	72.3506546	70.67795563	72.14877319	72.09109497	73.27352142	72.72556305	71.51430511	78.03778283	75.47574606	74.27849017	71.52930542	70.54368176	70.90623975	72.24356265	68.28427887
AntagonistData	2008-03-28 16:18:55.273 GMT-07:00	24.45410919	24.23437881	24.26367569	24.1904335	120.4394531	120.5859518	24.26367569	25.04005432	24.8789196	0.014648661	0	0.219729915	0.219729915	0	23.72167587	23.63378334	1	0	1	1	1	1	0	0	0	0	0	0	0	0	0	0	0	0	0	0	0	0	0	0	0	0	1	1	1	1	1	1	1	1	1	8.996790578	9.074994025	1.267512346	0.008207792	-0.061011221	-0.014090026	3.88E-04	3.88E-04	-0.045370823	42.78707341	6.874604229	60.43946147	0.219729915	240	0	72.3506546	70.67795563	72.14877319	72.11993408	73.24467468	72.72556305	71.51430511	78.03778283	75.92800177	74.63439053	71.52677433	70.54587592	70.90482624	72.24141545	68.28427887
AntagonistData	2008-03-28 16:18:55.758 GMT-07:00	24.45410919	24.23437881	24.23437881	24.1904335	120.5127096	120.5859518	24.27832413	25.05470276	24.90821648	0.014648661	0	0.219729915	0.219729915	0.014648661	23.72167587	23.63378334	1	0	1	1	1	1	0	0	0	0	0	0	0	0	0	0	0	0	0	0	0	0	0	0	0	0	1	1	1	1	1	1	1	1	1	8.949869382	9.012432431	1.232321086	0.016027992	-0.076653075	-0.014090026	0.008207792	3.88E-04	-0.045370823	42.83229133	7.094054975	60.21972895	0.439459831	360	0	72.3506546	70.67795563	72.14877319	72.11993408	73.24467468	72.72556305	71.51430511	78.91421938	75.92800177	74.63439053	71.5327667	70.55102883	70.90714352	72.24261957	68.45731354
UserCommand	2008-03-28 16:18:56.085 GMT-07:00	EY173_CL	1																																																																															
AntagonistCommand	2008-03-28 16:18:56.085 GMT-07:00	EY173_CL	1																																																																															
AntagonistData	2008-03-28 16:18:56.273 GMT-07:00	24.35156822	24.17578316	24.1904335	24.11718941	120.5859518	120.5127096	23.45800018	25.04005432	24.8789196	0.014648661	0	0.219729915	0.219729915	0.014648661	23.72167587	23.63378334	1	0	1	1	1	1	1	0	0	0	0	0	0	0	0	0	0	0	0	0	0	0	0	0	0	0	1	1	1	1	1	1	1	1	1	8.934228984	8.996790578	1.244051385	0.012117892	-0.045370823	-0.014090026	-0.003522506	3.88E-04	-0.045370823	42.72451188	7.1101703	60.21972895	0.439459831	360	0	72.3506546	70.67795563	72.14877319	72.09109497	73.24467468	72.72556305	71.51430511	78.91421938	76.38025748	75.07926402	71.52355118	70.54213356	70.90676716	72.23898049	68.45731354
AntagonistData	2008-03-28 16:18:56.758 GMT-07:00	24.36621666	24.08789253	24.07324409	23.89745903	120.3662109	120.3662109	24.17578316	25.05470276	24.80567551	0	0	0.219729915	0.219729915	0.014648661	23.72167587	23.63378334	1	0	1	1	1	1	1	0	0	0	0	0	0	0	0	0	0	0	0	0	0	0	0	0	0	0	1	1	1	1	1	1	1	1	1	11.79741726	11.84433991	1.635308366	0.008207792	-0.045370823	-0.014090026	-0.003522506	3.88E-04	-0.045370823	42.70649468	7.039942689	60.43946147	0.439459831	480	0	72.32181549	70.67795563	72.14877319	72.09109497	73.24467468	72.72556305	71.51430511	78.91421938	76.38025748	75.07926402	71.52163719	70.54858712	70.90383355	72.23779626	68.57266998
AntagonistData	2008-03-28 16:18:57.258 GMT-07:00	24.36621666	24.01464844	24.02929688	24.04394531	120.3662109	120.3662109	24.08789253	25.04005432	24.86427116	0.014648661	0	0.219729915	0.219729915	0.014648661	23.72167587	23.63378334	1	0	1	1	1	1	1	0	0	0	0	0	0	0	0	0	0	0	0	0	0	0	0	0	0	0	1	1	1	1	1	1	1	1	1	11.79741726	11.84433991	1.635308366	0.012117892	-0.061011221	-0.014090026	3.88E-04	0.004297693	-0.045370823	42.69426403	7.06598214	60.21972895	0.439459831	480	0	72.32181549	70.70679474	72.1776123	72.11993408	73.24467468	72.72556305	71.51430511	79.79065594	76.74205567	75.43516438	71.52713696	70.54479972	70.90718409	72.23311191	68.57266998
AntagonistData	2008-03-28 16:18:57.758 GMT-07:00	24.36621666	24.07324409	24.07324409	23.83886528	120.3662109	120.3662109	24.17578316	25.04005432	24.82032585	0	0	0.219729915	0.219729915	0.014648661	23.72167587	23.63378334	1	0	1	1	1	1	1	0	0	0	0	0	0	0	0	0	0	0	0	0	0	0	0	0	0	0	1	1	1	1	1	1	1	1	1	11.82869951	11.85998031	1.654858864	0.008207792	-0.061011221	-0.014090026	3.88E-04	3.88E-04	-0.045370823	42.62894264	7.074570704	60.43946147	0.439459831	480	0	72.3506546	70.70679474	72.1776123	72.11993408	73.24467468	72.72556305	71.51430511	79.79065594	76.74205567	75.43516438	71.52396932	70.53877533	70.90673321	72.23959273	68.68802643
AntagonistData	2008-03-28 16:18:58.258 GMT-07:00	24.33691978	23.94140625	23.89745903	24	120.3662109	120.4394531	24.17578316	25.05470276	24.86427116	0	0	0.219729915	0.219729915	0.014648661	23.72167587	23.63378334	1	0	1	1	1	1	1	0	0	0	0	0	0	0	0	0	0	0	0	0	0	0	0	0	0	0	1	1	1	1	1	1	1	1	1	11.76613646	11.84433991	1.643128565	0.012117892	-0.061011221	-0.014090026	-0.003522506	3.88E-04	-0.045370823	42.59418053	7.160877348	60.21972895	0.439459831	540	0	72.3506546	70.70679474	72.14877319	72.09109497	73.24467468	72.72556305	71.51430511	80.5764203	77.22446123	75.79105689	71.52661082	70.54184627	70.9088248	72.23731561	68.68802643
AntagonistData	2008-03-28 16:18:58.773 GMT-07:00	24.33691978	23.92675591	23.89745903	23.94140625	120.3662109	120.3662109	24.08789253	25.05470276	24.86427116	0.029297322	0	0.219729915	0.219729915	0.014648661	23.72167587	23.63378334	1	0	1	1	1	1	1	0	0	0	0	0	0	0	0	0	0	0	0	0	0	0	0	0	0	0	1	1	1	1	1	1	1	1	1	11.79741726	11.81305766	1.635308366	0.012117892	-0.045370823	-0.014090026	3.88E-04	3.88E-04	-0.045370823	42.64920628	7.063164018	60.21972895	0.439459831	540	0	72.3506546	70.70679474	72.14877319	72.09109497	73.24467468	72.72556305	71.51430511	80.5764203	77.22446123	75.79105689	71.52782965	70.54213881	70.9116847	72.23551876	68.63034821
AntagonistData	2008-03-28 16:18:59.258 GMT-07:00	24.32227135	24.01464844	24	23.86816216	120.2929688	120.4394531	24.16113472	25.0693531	24.82032585	0.029297322	0	0.219729915	0.14648661	0.014648661	23.72167587	23.63378334	1	0	1	1	1	1	1	0	0	0	0	0	0	0	0	0	0	0	0	0	0	0	0	0	0	0	1	1	1	1	1	1	1	1	1	11.75049606	11.81305766	1.666589163	0.012117892	-0.076653075	-0.014090026	-0.003522506	3.88E-04	-0.045370823	42.60846738	7.269699875	60.21972895	0.439459831	600	0	72.37949371	70.70679474	72.14877319	72.09109497	73.24467468	72.72556305	71.51430511	81.42263546	77.58626739	76.14695725	71.52518093	70.54122612	70.90398088	72.23582358	68.63034821
AntagonistData	2008-03-28 16:18:59.758 GMT-07:00	24.27832413	23.89745903	23.86816216	24	120.3662109	120.4394531	24.01464844	25.05470276	24.86427116	0	0	0.219729915	0.14648661	0.014648661	23.72167587	23.63378334	1	0	1	1	1	1	1	0	0	0	0	0	0	0	0	0	0	0	0	0	0	0	0	0	0	0	1	1	1	1	1	1	1	1	1	11.71921527	11.84433991	1.627488167	0.012117892	-0.061011221	-0.014090026	3.88E-04	3.88E-04	-0.045370823	42.76186687	6.87734407	60.21972895	0.659189746	540	0	72.37949371	70.70679474	72.14877319	72.09109497	73.24467468	72.72556305	71.51430511	81.42263546	77.58626739	76.14695725	71.52879747	70.54758052	70.8980679	72.2371402	68.68802643
AntagonistData	2008-03-28 16:19:00.258 GMT-07:00	24.32227135	23.97070313	23.95605469	23.79491806	120.3662109	120.3662109	24.11718941	25.05470276	24.82032585	0.029297322	0	0.219729915	0.219729915	0.014648661	23.72167587	23.63378334	1	0	1	1	1	1	1	0	0	0	0	0	0	0	0	0	0	0	0	0	0	0	0	0	0	0	1	1	1	1	1	1	1	1	1	11.81305766	11.84433991	1.635308366	0.008207792	-0.061011221	-0.014090026	0.008207792	3.88E-04	-0.045370823	42.45027316	7.101768682	60.21972895	0.439459831	600	0	72.3506546	70.73563385	72.14877319	72.09109497	73.24467468	72.72556305	71.51430511	82.29907201	77.9782234	76.44354219	71.52601564	70.54093465	70.90858314	72.22857291	68.68802643
AntagonistData	2008-03-28 16:19:00.758 GMT-07:00	24.307621	23.89745903	24	23.82421684	120.3662109	120.3662109	24.04394531	25.05470276	24.80567551	0.014648661	0	0.219729915	0.219729915	0.014648661	23.72167587	23.63378334	1	0	1	1	1	1	1	0	0	0	0	0	0	0	0	0	0	0	0	0	0	0	0	0	0	0	1	1	1	1	1	1	1	1	1	11.81305766	11.84433991	1.658768964	0.012117892	-0.061011221	-0.014090026	3.88E-04	3.88E-04	-0.045370823	42.52749023	6.939166631	60.21972895	0.439459831	600	0	72.3506546	70.73563385	72.14877319	72.09109497	73.24467468	72.72556305	71.51430511	82.29907201	77.9782234	76.44354219	71.51994092	70.54010433	70.90839596	72.23586088	68.68802643
AntagonistData	2008-03-28 16:19:01.258 GMT-07:00	24.29297256	23.82421684	23.82421684	23.98535156	120.3662109	120.4394531	24.10254097	25.05470276	24.86427116	0.029297322	0	0.219729915	0.219729915	0	23.72167587	23.63378334	1	0	1	1	1	1	1	0	0	0	0	0	0	0	0	0	0	0	0	0	0	0	0	0	0	0	1	1	1	1	1	1	1	1	1	11.81305766	11.84433991	1.639218465	0.008207792	-0.076653075	-0.014090026	3.88E-04	0.004297693	-0.045370823	42.3882734	7.069979085	60.21972895	0.439459831	600	0	72.37949371	70.70679474	72.14877319	72.09109497	73.24467468	72.72556305	71.51430511	83.17550057	78.34002159	76.44354219	71.51555564	70.54486961	70.90987946	72.23661454	68.68802643
AntagonistData	2008-03-28 16:19:01.773 GMT-07:00	24.26367569	23.94140625	23.91210747	23.79491806	120.2929688	120.4394531	24.04394531	25.05470276	24.82032585	0.014648661	0	0.219729915	0.219729915	0.014648661	23.72167587	23.63378334	1	0	1	1	1	1	1	0	0	0	0	0	0	0	0	0	0	0	0	0	0	0	0	0	0	0	1	1	1	1	1	1	1	1	1	11.84433991	11.84433991	1.635308366	0.008207792	-0.076653075	-0.014090026	-0.003522506	-0.003522506	-0.045370823	42.6181622	6.852959483	60.21972895	0.439459831	600	0	72.37949371	70.70679474	72.14877319	72.09109497	73.27352142	72.72556305	71.51430511	83.17550057	78.34002159	76.82909242	71.52319154	70.53904201	70.90864985	72.23675689	68.68802643
AntagonistData	2008-03-28 16:19:02.258 GMT-07:00	24.26367569	23.86816216	23.86816216	23.95605469	120.2929688	120.4394531	24	25.05470276	24.86427116	0.029297322	0	0.219729915	0.219729915	0.014648661	23.72167587	23.63378334	1	0	1	1	1	1	1	0	0	0	0	0	0	0	0	0	0	0	0	0	0	0	0	0	0	0	1	1	1	1	1	1	1	1	1	11.73485566	11.81305766	1.658768964	0.012117892	-0.076653075	-0.014090026	-0.003522506	-0.003522506	-0.045370823	42.50351038	7.068258316	60.21972895	0.659189746	540	0	72.3506546	70.70679474	72.14877319	72.09109497	73.27352142	72.72556305	71.51430511	83.93105153	78.7319776	76.82909242	71.52330189	70.54593276	70.90637718	72.22971627	68.60150909
AntagonistData	2008-03-28 16:19:02.773 GMT-07:00	24.29297256	23.97070313	23.95605469	23.89745903	120.3662109	120.3662109	24.07324409	25.04005432	24.83497429	0	0	0.219729915	0.219729915	0.014648661	23.72167587	23.63378334	1	0	1	1	1	1	1	0	0	0	0	0	0	0	0	0	0	0	0	0	0	0	0	0	0	0	1	1	1	1	1	1	1	1	1	11.79741726	11.79741726	1.643128565	0.012117892	-0.061011221	-0.014090026	-0.003522506	3.88E-04	-0.045370823	42.67716742	7.009957866	60.21972895	0.439459831	600	0	72.3506546	70.70679474	72.14877319	72.09109497	73.24467468	72.72556305	71.51430511	83.93105153	78.7319776	77.18499278	71.51796193	70.54329943	70.91156558	72.23068078	68.60150909
AntagonistData	2008-03-28 16:19:03.258 GMT-07:00	24.26367569	23.88281059	23.85351372	23.91210747	120.2929688	120.4394531	24.07324409	25.05470276	24.84962273	0	0	0.29297322	0.219729915	0.014648661	23.72167587	23.63378334	1	0	1	1	1	1	1	0	0	0	0	0	0	0	0	0	0	0	0	0	0	0	0	0	0	0	1	1	1	1	1	1	1	1	1	11.76613646	11.81305766	1.670499262	0.012117892	-0.045370823	-0.014090026	3.88E-04	3.88E-04	-0.045370823	42.69724856	7.100738983	60.43946147	0.659189746	660	0	72.37949371	70.70679474	72.14877319	72.09109497	73.24467468	72.72556305	71.51430511	84.6865945	78.7319776	77.18499278	71.52446299	70.54291308	70.90576465	72.23141468	68.65918732
AntagonistData	2008-03-28 16:19:03.758 GMT-07:00	24.26367569	23.94140625	23.91210747	23.75097275	120.3662109	120.3662109	24.04394531	25.05470276	24.83497429	0	0	0.219729915	0.219729915	0.014648661	23.72167587	23.63378334	1	0	1	1	1	1	1	0	0	0	0	0	0	0	0	0	0	0	0	0	0	0	0	0	0	0	1	1	1	1	1	1	1	1	1	11.82869951	11.84433991	1.647038665	0.012117892	-0.076653075	-0.014090026	3.88E-04	-0.003522506	-0.045370823	42.63495195	7.111748448	60.21972895	0.439459831	540	0	72.37949371	70.70679474	72.1776123	72.09109497	73.24467468	72.72556305	71.51430511	84.6865945	79.09378377	77.48157772	71.52698103	70.54604383	70.90923884	72.23623228	68.65918732
AntagonistData	2008-03-28 16:19:04.258 GMT-07:00	24.26367569	23.91210747	23.94140625	23.83886528	120.3662109	120.4394531	24.07324409	25.04005432	24.84962273	0.014648661	0	0.219729915	0.219729915	0.014648661	23.72167587	23.63378334	1	0	1	1	1	1	1	0	0	0	0	0	0	0	0	0	0	0	0	0	0	0	0	0	0	0	1	1	1	1	1	1	1	1	1	11.79741726	11.79741726	1.639218465	0.012117892	-0.076653075	-0.014090026	0.008207792	3.88E-04	-0.045370823	42.60908158	7.025454856	60.21972895	0.439459831	600	0	72.32181549	70.76448059	72.1776123	72.09109497	73.24467468	72.72556305	71.51430511	85.53280965	79.09378377	77.48157772	71.52572283	70.55280308	70.90843895	72.2330785	68.71686554
AntagonistData	2008-03-28 16:19:04.758 GMT-07:00	24.24902725	23.88281059	23.86816216	23.89745903	120.3662109	120.4394531	24.02929688	25.05470276	24.86427116	0.029297322	0	0.219729915	0.219729915	0	23.72167587	23.63378334	1	0	1	1	1	1	1	0	0	0	0	0	0	0	0	0	0	0	0	0	0	0	0	0	0	0	1	1	1	1	1	1	1	1	1	11.82869951	11.85998031	1.631398266	0.008207792	-0.076653075	-0.014090026	3.88E-04	3.88E-04	-0.045370823	42.52700607	7.150820518	60.21972895	0.439459831	600	0	72.32181549	70.76448059	72.11993408	72.11993408	73.24467468	72.72556305	71.51430511	85.53280965	79.51588963	77.83747023	71.52203187	70.5469944	70.90460791	72.22996407	68.71686554
AntagonistData	2008-03-28 16:19:05.258 GMT-07:00	24.26367569	23.82421684	23.83886528	23.92675591	120.3662109	120.4394531	24.02929688	25.04005432	24.83497429	0	0	0.219729915	0.219729915	0.014648661	23.72167587	23.63378334	1	0	1	1	1	1	1	0	0	0	0	0	0	0	0	0	0	0	0	0	0	0	0	0	0	0	1	1	1	1	1	1	1	1	1	11.75049606	11.84433991	1.635308366	0.016027992	-0.061011221	-0.014090026	3.88E-04	3.88E-04	-0.045370823	42.4952858	7.040731763	60.21972895	0.439459831	600	0	72.3506546	70.76448059	72.11993408	72.11993408	73.24467468	72.72556305	71.51430511	85.53280965	79.51588963	77.83747023	71.51973934	70.54614236	70.91238623	72.22736292	68.68802643
AntagonistData	2008-03-28 16:19:05.789 GMT-07:00	24.24902725	23.86816216	23.85351372	23.79491806	120.2929688	120.4394531	24.04394531	25.05470276	24.86427116	0.014648661	0	0.219729915	0.219729915	0.014648661	23.72167587	23.63378334	1	0	1	1	1	1	1	0	0	0	0	0	0	0	0	0	0	0	0	0	0	0	0	0	0	0	1	1	1	1	1	1	1	1	1	11.76613646	11.81305766	1.647038665	0.012117892	-0.076653075	-0.014090026	-0.003522506	3.88E-04	-0.045370823	42.71372786	7.032446483	60.21972895	0.439459831	600	0	72.3506546	70.70679474	72.11993408	72.11993408	73.24467468	72.72556305	71.51430511	86.31857402	79.93798751	78.16371288	71.51911274	70.54711026	70.91542987	72.23786401	68.68802643
AntagonistData	2008-03-28 16:19:06.273 GMT-07:00	24.23437881	23.89745903	23.92675591	23.72167587	120.2929688	120.4394531	23.92675591	25.05470276	24.80567551	0	0	0.219729915	0.219729915	0.014648661	23.72167587	23.63378334	1	0	1	1	1	1	1	0	0	0	0	0	0	0	0	0	0	0	0	0	0	0	0	0	0	0	1	1	1	1	1	1	1	1	1	11.81305766	11.84433991	1.670499262	0.016027992	-0.061011221	-0.014090026	-0.003522506	3.88E-04	-0.045370823	42.55249368	7.118981629	60.43946147	0.439459831	600	0	72.32181549	70.70679474	72.11993408	72.11993408	73.24467468	72.72556305	71.51430511	86.31857402	79.93798751	78.16371288	71.52823152	70.54553008	70.91267773	72.23928668	68.63034821
AntagonistData	2008-03-28 16:19:06.758 GMT-07:00	24.24902725	23.92675591	23.92675591	23.79491806	120.3662109	120.4394531	23.97070313	25.05470276	24.80567551	0	0	0.219729915	0.219729915	0	23.72167587	23.63378334	1	0	1	1	1	1	1	0	0	0	0	0	0	0	0	0	0	0	0	0	0	0	0	0	0	0	1	1	1	1	1	1	1	1	1	11.79741726	11.84433991	1.666589163	0.008207792	-0.061011221	-0.014090026	-0.003522506	-0.003522506	-0.045370823	42.81038946	7.195653347	60.00000238	0.659189746	600	0	72.32181549	70.73563385	72.1776123	72.11993408	73.24467468	72.72556305	71.51430511	87.10434637	80.29979368	78.51961324	71.51855303	70.5464525	70.91172488	72.24342548	68.63034821
AntagonistData	2008-03-28 16:19:07.258 GMT-07:00	24.24902725	23.82421684	23.8095665	23.82421684	120.3662109	120.4394531	23.94140625	25.05470276	24.86427116	0.029297322	0	0.219729915	0.14648661	0.014648661	23.72167587	23.63378334	1	0	1	1	1	1	1	0	0	0	0	0	0	0	0	0	0	0	0	0	0	0	0	0	0	0	1	1	1	1	1	1	1	1	1	11.82869951	11.84433991	1.635308366	0.012117892	-0.061011221	-0.014090026	3.88E-04	3.88E-04	-0.045370823	43.64199055	8.653792834	60.21972895	0.439459831	600	0	72.3506546	70.73563385	72.1776123	72.11993408	73.24467468	72.72556305	71.51430511	87.10434637	80.29979368	78.51961324	71.51653503	70.550212	70.91108056	72.24689281	68.71686554
AntagonistData	2008-03-28 16:19:07.758 GMT-07:00	24.24902725	23.94140625	23.92675591	23.78026962	120.3662109	120.4394531	23.94140625	25.05470276	24.83497429	0	0	0.29297322	0.219729915	0.014648661	23.72167587	23.63378334	1	0	1	1	1	1	1	0	0	0	0	0	0	0	0	0	0	0	0	0	0	0	0	0	0	0	1	1	1	1	1	1	1	1	1	11.75049606	11.85998031	1.654858864	0.008207792	-0.076653075	-0.045370823	-0.003522506	0.004297693	-0.045370823	43.38725176	8.624274909	60.21972895	0.439459831	600	0	72.3506546	70.73563385	72.1776123	72.11993408	73.24467468	72.72556305	71.51430511	87.92033214	80.63144999	78.81619034	71.52587975	70.5512528	70.91430016	72.24433199	68.71686554
AntagonistData	2008-03-28 16:19:08.258 GMT-07:00	24.21973038	23.82421684	23.83886528	23.92675591	120.3662109	120.3662109	23.92675591	25.05470276	24.86427116	0	0	0.219729915	0.219729915	0.014648661	23.72167587	23.63378334	1	0	1	1	1	1	1	0	0	0	0	0	0	0	0	0	0	0	0	0	0	0	0	0	0	0	1	1	1	1	1	1	1	1	1	11.79741726	11.81305766	1.639218465	0.008207792	-0.061011221	-0.014090026	-0.003522506	3.88E-04	-0.045370823	43.2792311	8.547863638	60.21972895	0.439459831	600	0	72.3506546	70.73563385	72.1776123	72.11993408	73.24467468	72.72556305	71.51430511	87.92033214	80.63144999	78.81619034	71.52431976	70.54688614	70.90767547	72.23320614	68.63034821
AntagonistData	2008-03-28 16:19:08.758 GMT-07:00	24.21973038	23.78026962	23.82421684	23.91210747	120.3662109	120.4394531	23.98535156	25.05470276	24.86427116	0	0	0.219729915	0.219729915	0.014648661	23.72167587	23.63378334	1	0	1	1	1	1	1	0	0	0	0	0	0	0	0	0	0	0	0	0	0	0	0	0	0	0	1	1	1	1	1	1	1	1	1	11.82869951	11.84433991	1.658768964	0.008207792	-0.076653075	-0.014090026	3.88E-04	3.88E-04	-0.045370823	43.63984341	8.712168227	60.21972895	0.439459831	600	0	72.32181549	70.70679474	72.14877319	72.11993408	73.24467468	72.72556305	71.51430511	88.70610449	81.023406	79.11277528	71.52021574	70.54519467	70.91085318	72.22931213	68.63034821
AntagonistData	2008-03-28 16:19:09.258 GMT-07:00	24.24902725	23.95605469	23.92675591	23.75097275	120.3662109	120.4394531	24.07324409	25.05470276	24.82032585	0.029297322	0	0.219729915	0.219729915	0.014648661	23.72167587	23.63378334	1	0	1	1	1	1	1	0	0	0	0	0	0	0	0	0	0	0	0	0	0	0	0	0	0	0	1	1	1	1	1	1	1	1	1	11.87562071	11.85998031	1.658768964	0.012117892	-0.045370823	-0.014090026	-0.003522506	3.88E-04	-0.045370823	43.35772594	8.601453643	60.21972895	0.439459831	660	0	72.32181549	70.70679474	72.14877319	72.11993408	73.24467468	72.72556305	71.51430511	88.70610449	81.023406	79.11277528	71.52782608	70.5490096	70.90815104	72.23183852	68.68802643
AntagonistData	2008-03-28 16:19:09.758 GMT-07:00	24.21973038	23.94140625	23.91210747	23.70702744	120.3662109	120.3662109	23.95605469	25.05470276	24.80567551	0	0	0.219729915	0.219729915	0.014648661	23.72167587	23.63378334	1	0	1	1	1	1	1	0	0	0	0	0	0	0	0	0	0	0	0	0	0	0	0	0	0	0	1	1	1	1	1	1	1	1	1	11.79741726	11.84433991	1.647038665	0.008207792	-0.076653075	-0.014090026	-0.003522506	3.88E-04	-0.045370823	43.31368734	8.518667889	60.21972895	0.439459831	540	0	72.3506546	70.70679474	72.14877319	72.11993408	73.24467468	72.72556305	71.51430511	89.46164746	81.35505434	79.11277528	71.52696473	70.54807655	70.9168627	72.21779131	68.68802643
AntagonistData	2008-03-28 16:19:10.258 GMT-07:00	24.24902725	23.92675591	23.78026962	23.89745903	120.3662109	120.3662109	24	25.05470276	24.86427116	0	0	0.219729915	0.219729915	0	23.72167587	23.63378334	1	0	1	1	1	1	1	0	0	0	0	0	0	0	0	0	0	0	0	0	0	0	0	0	0	0	1	1	1	1	1	1	1	1	1	11.81305766	11.84433991	1.643128565	0.012117892	-0.076653075	-0.014090026	3.88E-04	0.004297693	-0.045370823	43.43336361	8.367954702	60.21972895	0.439459831	660	0	72.3506546	70.70679474	72.14877319	72.09109497	73.27352142	72.72556305	71.51430511	89.46164746	81.35505434	79.43901008	71.52910044	70.54483519	70.91669239	72.2198892	68.68802643
AntagonistData	2008-03-28 16:19:10.758 GMT-07:00	24.21973038	23.82421684	23.83886528	23.83886528	120.3662109	120.3662109	24.04394531	25.05470276	24.84962273	0.014648661	0	0.219729915	0.219729915	0.014648661	23.72167587	23.63378334	1	0	1	1	1	1	1	0	0	0	0	0	0	0	0	0	0	0	0	0	0	0	0	0	0	0	1	1	1	1	1	1	1	1	1	11.79741726	11.81305766	1.658768964	0.012117892	-0.076653075	-0.014090026	0.008207792	3.88E-04	-0.045370823	43.39748488	8.373993536	60.21972895	0.439459831	540	0	72.37949371	70.73563385	72.14877319	72.09109497	73.27352142	72.72556305	71.51430511	90.15675562	81.71686051	79.43901008	71.52965397	70.54737389	70.90867501	72.22376244	68.60150909
AntagonistData	2008-03-28 16:19:11.258 GMT-07:00	24.21973038	23.94140625	23.94140625	23.83886528	120.3662109	120.4394531	24.01464844	25.05470276	24.84962273	0	0	0.14648661	0.219729915	0.014648661	23.72167587	23.63378334	1	0	1	1	1	1	1	0	0	0	0	0	0	0	0	0	0	0	0	0	0	0	0	0	0	0	1	1	1	1	1	1	1	1	1	11.81305766	11.85998031	1.635308366	0.008207792	-0.061011221	-0.014090026	-0.003522506	0.004297693	-0.045370823	43.23241269	8.398202549	60.43946147	0.439459831	600	0	72.37949371	70.73563385	72.14877319	72.11993408	73.24467468	72.72556305	71.51430511	90.15675562	81.71686051	79.76525273	71.53108561	70.54842396	70.91493813	72.22063435	68.60150909
AntagonistData	2008-03-28 16:19:11.805 GMT-07:00	24.21973038	23.85351372	23.82421684	23.89745903	120.3662109	120.4394531	23.98535156	25.05470276	24.84962273	0.029297322	0	0.219729915	0.219729915	0	23.72167587	23.63378334	1	0	1	1	1	1	1	0	0	0	0	0	0	0	0	0	0	0	0	0	0	0	0	0	0	0	1	1	1	1	1	1	1	1	1	11.81305766	11.84433991	1.647038665	0.008207792	-0.061011221	-0.014090026	0.008207792	0.004297693	-0.045370823	43.17683195	8.347454243	60.21972895	0.439459831	600	0	72.32181549	70.67795563	72.14877319	72.11993408	73.24467468	72.72556305	71.51430511	90.94251998	81.71686051	79.76525273	71.52877969	70.55076916	70.90703969	72.22149236	68.63034821
AntagonistData	2008-03-28 16:19:12.320 GMT-07:00	24.21973038	23.86816216	23.85351372	23.79491806	120.2929688	120.4394531	24.04394531	25.05470276	24.84962273	0.029297322	0	0.219729915	0.14648661	0.014648661	23.73632431	23.53124237	1	0	1	1	1	1	1	0	0	0	0	0	0	0	0	0	0	0	0	0	0	0	0	0	0	0	1	1	1	1	1	1	1	1	1	11.81305766	11.85998031	1.635308366	0.008207792	-0.061011221	-0.014090026	-0.003522506	-0.003522506	-0.045370823	43.06723314	8.191202063	60.21972895	0.439459831	600	0	72.32181549	70.67795563	72.14877319	72.09109497	73.24467468	72.72556305	71.54314423	90.94251998	82.10881652	80.09149538	71.53833295	70.54906898	70.91780056	72.22639769	68.63034821
AntagonistData	2008-03-28 16:19:12.773 GMT-07:00	24.20508194	23.94140625	23.94140625	23.72167587	120.2929688	120.4394531	24	25.05470276	24.80567551	0	0	0.219729915	0.14648661	0	23.73632431	23.53124237	1	0	1	1	1	1	1	0	0	0	0	0	0	0	0	0	0	0	0	0	0	0	0	0	0	0	1	1	1	1	1	1	1	1	1	11.82869951	11.85998031	1.658768964	0.012117892	-0.061011221	-0.014090026	3.88E-04	0.004297693	-0.045370823	43.24175007	8.170686132	60.21972895	0.219729915	600	0	72.32181549	70.70679474	72.14877319	72.09109497	73.24467468	72.72556305	71.54314423	91.63762015	82.10881652	80.09149538	71.53075197	70.54921198	70.91579471	72.22248898	68.63034821
AntagonistData	2008-03-28 16:19:13.258 GMT-07:00	24.23437881	23.78026962	23.89745903	23.76562119	120.3662109	120.4394531	24	25.05470276	24.82032585	0.029297322	0	0.219729915	0.219729915	0.014648661	23.73632431	23.53124237	1	0	1	1	1	1	1	0	0	0	0	0	0	0	0	0	0	0	0	0	0	0	0	0	0	0	1	1	1	1	1	1	1	1	1	11.76613646	11.84433991	1.670499262	0.012117892	-0.061011221	-0.014090026	-0.003522506	3.88E-04	-0.045370823	43.07985833	8.237231396	60.21972895	0.439459831	600	0	72.32181549	70.70679474	72.14877319	72.09109497	73.24467468	72.72556305	71.54314423	91.63762015	82.4706147	80.4473879	71.52941997	70.54952526	70.9111741	72.22498597	68.63034821
AntagonistData	2008-03-28 16:19:13.758 GMT-07:00	24.1904335	23.91210747	23.89745903	23.8095665	120.3662109	120.3662109	24.01464844	25.05470276	24.84962273	0	0	0.219729915	0.219729915	0.014648661	23.73632431	23.53124237	1	0	1	1	1	1	1	0	0	0	0	0	0	0	0	0	0	0	0	0	0	0	0	0	0	0	1	1	1	1	1	1	1	1	1	11.81305766	11.84433991	1.619667604	0.008207792	-0.076653075	-0.014090026	3.88E-04	-0.003522506	-0.045370823	43.23188664	8.213494754	60.21972895	0.439459831	600	0	72.3506546	70.70679474	72.14877319	72.09109497	73.24467468	72.72556305	71.54314423	91.63762015	82.4706147	80.4473879	71.53381251	70.55182382	70.91329621	72.22484761	68.57266998
AntagonistData	2008-03-28 16:19:14.258 GMT-07:00	24.20508194	23.94140625	23.94140625	23.88281059	120.3662109	120.4394531	23.92675591	25.05470276	24.84962273	0	0	0.219729915	0.219729915	0.014648661	23.73632431	23.53124237	1	0	1	1	1	1	1	0	0	0	0	0	0	0	0	0	0	0	0	0	0	0	0	0	0	0	1	1	1	1	1	1	1	1	1	11.76613646	11.85998031	1.658768964	0.012117892	-0.061011221	-0.014090026	3.88E-04	-0.003522506	-0.045370823	43.41045982	8.698669658	60.21972895	0.439459831	600	0	72.3506546	70.73563385	72.14877319	72.11993408	73.24467468	72.72556305	71.54314423	92.39317111	82.80227102	80.77363055	71.53330672	70.55288112	70.91272439	72.22918607	68.57266998
AntagonistData	2008-03-28 16:19:14.758 GMT-07:00	24.20508194	23.88281059	23.85351372	23.86816216	120.3662109	120.4394531	23.92675591	25.05470276	24.82032585	0	0	0.219729915	0.219729915	0	23.73632431	23.53124237	1	0	1	1	1	1	1	0	0	0	0	0	0	0	0	0	0	0	0	0	0	0	0	0	0	0	1	1	1	1	1	1	1	1	1	11.82869951	11.84433991	1.639218465	0.008207792	-0.061011221	-0.014090026	3.88E-04	3.88E-04	-0.045370823	43.2570055	8.823119049	60.21972895	0.439459831	600	0	72.3506546	70.73563385	72.14877319	72.11993408	73.24467468	72.72556305	71.54314423	92.39317111	82.80227102	80.77363055	71.53685414	70.55086351	70.91163568	72.22332449	68.63034821
AntagonistData	2008-03-28 16:19:15.273 GMT-07:00	23.53746514	23.25223785	23.25223785	23.25223785	120.5	120.5	23.25223785	25.05470276	24.82032585	0.029297322	0	0.219729915	0.219729915	0.014648661	23.73632431	23.53124237	1	0	1	1	1	1	1	0	0	0	0	0	0	0	0	0	0	0	0	0	0	0	0	0	0	0	1	1	1	1	1	1	1	1	1	14.2644383	14.2644383	2.06279383	0	-0.076653075	-0.014090026	0.008207792	3.88E-04	-0.045370823	52.13425863	8.680559629	60	0.439459831	417.1439451	0	72.32724898	72.32724898	72.1776123	72.11993408	73.24467468	72.72556305	71.54314423	92.83723459	82.77733178	80.73806833	71.53723623	70.54376196	70.91415125	72.22563675	68.63034821
AntagonistData	2008-03-28 16:19:15.773 GMT-07:00	23.53746514	23.25223785	23.25223785	23.25223785	120.5	120.5	23.25223785	25.04005432	24.82032585	0.014648661	0	0.219729915	0.14648661	0.014648661	23.72167587	23.48729706	1	0	1	1	1	1	1	0	0	0	0	0	0	0	0	0	0	0	0	0	0	0	0	0	0	0	1	1	1	1	1	1	1	1	1	14.2644383	14.2644383	2.06279383	0	-0.061011221	-0.014090026	0.008207792	3.88E-04	-0.045370823	52.13425863	8.69660414	60	0.439459831	417.1439451	0	72.32724898	72.32724898	72.1776123	72.11993408	73.24467468	72.72556305	71.57198334	92.83723459	82.77733178	80.73806833	71.53410755	70.55096499	70.91366656	72.22444544	68.71686554
FaultInject	2008-03-28 16:19:16.258 GMT-07:00	EY171	Relay	StuckOpen	TRUE	"Sticks open or closed. 0 for open, 1 for closed."	Abrupt	Stuck At=0																																																																										
AntagonistCommand	2008-03-28 16:19:16.258 GMT-07:00	EY171_CL	0																																																																															
AntagonistData	2008-03-28 16:19:16.258 GMT-07:00	23.57480884	23.36450077	23.36450077	23.36450077	120.5	120.5	23.36450077	25.05470276	24.80567551	0.014648661	0	0.219729915	0.219729915	0.014648661	23.72167587	23.48729706	1	0	1	1	0	1	1	0	0	0	0	0	0	0	0	0	0	0	0	0	0	0	0	0	0	0	1	1	1	1	1	1	1	1	1	10.51406727	10.51406727	1.50312783	0	-0.061011221	-0.014090026	3.88E-04	3.88E-04	-0.045370823	52.13425863	8.818183309	60	0.439459831	315.6904309	0	72.3507525	72.3507525	72.14877319	72.09109497	73.24467468	72.72556305	71.57198334	93.46445807	83.45436668	81.27957075	71.52713555	70.54728759	70.91005117	72.21887432	68.71686554
AntagonistData	2008-03-28 16:19:16.758 GMT-07:00	23.59237139	23.38211962	23.38211962	23.38211962	120.5	120.5	23.38211962	25.05470276	24.80567551	0	0	0.219729915	0.219729915	0	23.72167587	23.48729706	1	0	1	1	0	1	1	0	0	0	0	0	0	0	0	0	0	0	0	0	0	0	0	0	0	0	1	1	1	1	1	1	1	1	1	10.50614474	10.50614474	1.50312783	0	-0.061011221	-0.014090026	3.88E-04	3.88E-04	-0.045370823	52.13425863	9.073479941	60	0.439459831	263.3211882	0	72.35084474	72.35084474	72.14877319	72.09109497	73.24467468	72.72556305	71.57198334	93.74527994	83.61104931	81.42354718	71.52918146	70.55124515	70.91402908	72.21995666	68.63034821
AntagonistData	2008-03-28 16:19:17.258 GMT-07:00	23.60587185	23.39583792	23.39583792	23.39583792	120.5	120.5	23.39583792	25.05470276	24.84962273	0	0	0.219729915	0.219729915	0.014648661	23.72167587	23.48729706	1	0	1	1	0	1	1	0	0	0	0	0	0	0	0	0	0	0	0	0	0	0	0	0	0	0	1	1	1	1	1	1	1	1	1	10.49998439	10.49998439	1.50312783	0	-0.061011221	-0.014090026	-0.003522506	3.88E-04	-0.045370823	52.13425863	9.045111947	60	0.439459831	219.6546881	0	72.35093697	72.35093697	72.11993408	72.11993408	73.24467468	72.72556305	71.57198334	94.02495777	83.76719707	81.56702958	71.53101412	70.55263736	70.91178093	72.21317527	68.63034821
AntagonistData	2008-03-28 16:19:17.758 GMT-07:00	23.61619355	23.4062657	23.4062657	23.4062657	120.5	120.5	23.4062657	25.05470276	24.80567551	0.014648661	0	0.219729915	0.219729915	0.014648661	23.72167587	23.48729706	1	0	1	1	0	1	1	0	0	0	0	0	0	0	0	0	0	0	0	0	0	0	0	0	0	0	1	1	1	1	1	1	1	1	1	10.49530652	10.49530652	1.50312783	0	-0.061011221	-0.014090026	0.008207792	3.88E-04	-0.045370823	52.13425863	9.247509499	60	0.439459831	183.2459615	0	72.3510292	72.3510292	72.11993408	72.11993408	73.27352142	72.72556305	71.57198334	94.30349622	83.92281177	81.71001966	71.53413857	70.54711561	70.91301933	72.216225	68.74570465
AntagonistData	2008-03-28 16:19:18.258 GMT-07:00	23.62403068	23.41416857	23.41416857	23.41416857	120.5	120.5	23.41416857	25.05470276	24.83497429	0.014648661	0	0.219729915	0.219729915	0.014648661	23.72167587	23.48729706	1	0	1	1	0	1	1	0	0	0	0	0	0	0	0	0	0	0	0	0	0	0	0	0	0	0	1	1	1	1	1	1	1	1	1	10.4917641	10.4917641	1.50312783	0	-0.061011221	-0.014090026	-0.003522506	3.88E-04	-0.045370823	52.13425863	9.213195728	60	0.439459831	152.8887072	0	72.35112143	72.35112143	72.11993408	72.11993408	73.27352142	72.72556305	71.57198334	94.58089994	84.07789525	81.8525191	71.52491059	70.54116615	70.91051599	72.21065947	68.74570465
AntagonistData	2008-03-28 16:19:18.758 GMT-07:00	23.62992919	23.42012464	23.42012464	23.42012464	120.5	120.5	23.42012464	25.05470276	24.84962273	0.029297322	0	0.219729915	0.219729915	0	23.72167587	23.48729706	1	0	1	1	0	1	1	0	0	0	0	0	0	0	0	0	0	0	0	0	0	0	0	0	0	0	1	1	1	1	1	1	1	1	1	10.48909589	10.48909589	1.50312783	0	-0.076653075	-0.014090026	3.88E-04	-0.003522506	-0.045370823	52.13425863	9.330104237	60	0.439459831	127.5771135	0	72.35121366	72.35121366	72.11993408	72.09109497	73.24467468	72.72556305	71.57198334	94.85717355	84.2324493	81.9945296	71.52766689	70.54049353	70.90260387	72.20561039	68.74570465
AntagonistData	2008-03-28 16:19:19.258 GMT-07:00	23.63431821	23.4245543	23.4245543	23.4245543	120.5	120.5	23.4245543	25.05470276	24.84962273	0.029297322	0	0.219729915	0.14648661	0.014648661	23.72167587	23.48729706	1	0	1	1	0	1	1	0	0	0	0	0	0	0	0	0	0	0	0	0	0	0	0	0	0	0	1	1	1	1	1	1	1	1	1	10.48711237	10.48711237	1.50312783	0	-0.061011221	-0.014090026	3.88E-04	0.004297693	-0.045370823	52.13425863	9.274338025	60	0.439459831	106.4725444	0	72.35130588	72.35130588	72.14877319	72.09109497	73.24467468	72.72556305	71.57198334	95.13232165	84.38647575	82.13605281	71.52807109	70.53530951	70.91165527	72.21228332	68.63034821
AntagonistData	2008-03-28 16:19:19.758 GMT-07:00	23.63753477	23.42779982	23.42779982	23.42779982	120.5	120.5	23.42779982	25.05470276	24.83497429	0	0	0.219729915	0.219729915	0.014648661	23.72167587	23.48729706	1	0	1	1	0	1	1	0	0	0	0	0	0	0	0	0	0	0	0	0	0	0	0	0	0	0	1	1	1	1	1	1	1	1	1	10.48565956	10.48565956	1.50312783	0	-0.061011221	-0.014090026	0.008207792	3.88E-04	-0.045370823	52.13425863	9.345749247	60	0.439459831	88.87575279	0	72.3513981	72.3513981	72.14877319	72.11993408	73.24467468	72.72556305	71.57198334	95.40634883	84.5399764	82.27709043	71.53019089	70.53661238	70.9091313	72.21293899	68.63034821
AntagonistData	2008-03-28 16:19:20.258 GMT-07:00	23.63984338	23.43013062	23.43013062	23.43013062	120.5	120.5	23.43013062	25.05470276	24.86427116	0.014648661	0	0.219729915	0.219729915	0.014648661	23.72167587	23.48729706	1	0	1	1	0	1	1	0	0	0	0	0	0	0	0	0	0	0	0	0	0	0	0	0	0	0	1	1	1	1	1	1	1	1	1	10.48461646	10.48461646	1.50312783	0	-0.061011221	-0.014090026	3.88E-04	3.88E-04	-0.045370823	52.13425863	9.268946017	60	0.439459831	74.2037132	0	72.35149031	72.35149031	72.14877319	72.11993408	73.24467468	72.72556305	71.57198334	95.67925965	84.69295303	82.4176441	71.52846148	70.54100934	70.91362592	72.22246142	68.65918732
AntagonistData	2008-03-28 16:19:20.758 GMT-07:00	23.64145148	23.43175335	23.43175335	23.43175335	120.5	120.5	23.43175335	25.05470276	24.80567551	0.029297322	0	0.219729915	0.219729915	0.014648661	23.72167587	23.48729706	1	0	1	1	0	1	1	0	0	0	0	0	0	0	0	0	0	0	0	0	0	0	0	0	0	0	1	1	1	1	1	1	1	1	1	10.48389037	10.48389037	1.50312783	0	-0.061011221	-0.014090026	3.88E-04	-0.003522506	-0.045370823	52.13425863	9.280892173	60	0.439459831	61.97030435	0	72.35158253	72.35158253	72.11993408	72.11993408	73.24467468	72.72556305	71.57198334	95.95105867	84.84540743	82.55771551	71.53145791	70.54037306	70.91293291	72.22433541	68.65918732
AntagonistData	2008-03-28 16:19:21.258 GMT-07:00	23.64252154	23.43283348	23.43283348	23.43283348	120.5	120.5	23.43283348	25.05470276	24.84962273	0.029297322	0	0.219729915	0.219729915	0	23.72167587	23.48729706	1	0	1	1	0	1	1	0	0	0	0	0	0	0	0	0	0	0	0	0	0	0	0	0	0	0	1	1	1	1	1	1	1	1	1	10.48340712	10.48340712	1.50312783	0	-0.076653075	-0.014090026	-0.003522506	3.88E-04	-0.045370823	52.13425863	9.248298574	60	0.439459831	51.77020292	0	72.35167474	72.35167474	72.11993408	72.11993408	73.24467468	72.72556305	71.57198334	96.2217504	84.9973414	82.69730629	71.52997453	70.53649174	70.90890512	72.22618731	68.68802643
AntagonistData	2008-03-28 16:19:21.758 GMT-07:00	23.64318066	23.43349888	23.43349888	23.43349888	120.5	120.5	23.43349888	25.05470276	24.83497429	0.014648661	0	0.219729915	0.14648661	0.014648661	23.72167587	23.48729706	1	0	1	1	0	1	1	0	0	0	0	0	0	0	0	0	0	0	0	0	0	0	0	0	0	0	1	1	1	1	1	1	1	1	1	10.48310944	10.48310944	1.50312783	0	-0.045370823	-0.014090026	3.88E-04	3.88E-04	-0.045370823	52.13425863	9.332636689	60	0.439459831	43.26545412	0	72.35176695	72.35176695	72.1776123	72.11993408	73.24467468	72.72556305	71.57198334	96.49133937	85.1487567	82.8364181	71.52507229	70.54048684	70.91232961	72.22457753	68.68802643
AntagonistData	2008-03-28 16:19:22.258 GMT-07:00	23.64352814	23.43384963	23.43384963	23.43384963	120.5	120.5	23.43384963	25.05470276	24.8789196	0.029297322	0	0.219729915	0.14648661	0.014648661	23.72167587	23.48729706	1	0	1	1	0	1	1	0	0	0	0	0	0	0	0	0	0	0	0	0	0	0	0	0	0	0	1	1	1	1	1	1	1	1	1	10.48295253	10.48295253	1.50312783	0	-0.045370823	-0.014090026	3.88E-04	-0.003522506	-0.045370823	52.13425863	9.239750269	60	0.439459831	36.17427443	0	72.35185916	72.35185916	72.1776123	72.11993408	73.24467468	72.72556305	71.57198334	96.75983006	85.2996551	82.97505258	71.53104108	70.53937626	70.90580031	72.22877368	68.77455139
AntagonistData	2008-03-28 16:19:22.758 GMT-07:00	23.64364139	23.43396409	23.43396409	23.43396409	120.5	120.5	23.43396409	25.05470276	24.83497429	0	0	0.219729915	0.219729915	0.014648661	23.72167587	23.48729706	1	0	1	1	0	1	1	0	0	0	0	0	0	0	0	0	0	0	0	0	0	0	0	0	0	0	1	1	1	1	1	1	1	1	1	10.48290133	10.48290133	1.50312783	0	-0.076653075	-0.014090026	0.008207792	3.88E-04	-0.045370823	52.13425863	9.274995587	60	0.439459831	30.26171539	0	72.35195137	72.35195137	72.14877319	72.11993408	73.24467468	72.72556305	71.57198334	97.02722695	85.45003838	83.11321137	71.52806966	70.53706481	70.90943822	72.23441178	68.77455139
AntagonistData	2008-03-28 16:19:23.258 GMT-07:00	23.64358063	23.43390288	23.43390288	23.43390288	120.5	120.5	23.43390288	25.05470276	24.83497429	0	0	0.219729915	0.219729915	0.014648661	23.72167587	23.48729706	1	0	1	1	0	1	1	0	0	0	0	0	0	0	0	0	0	0	0	0	0	0	0	0	0	0	1	1	1	1	1	1	1	1	1	10.48292871	10.48292871	1.50312783	0	-0.061011221	-0.014090026	3.88E-04	0.004297693	-0.045370823	52.13425863	9.151852431	60	0.439459831	25.33187918	0	72.35204357	72.35204357	72.14877319	72.11993408	73.24467468	72.72556305	71.57198334	97.29353449	85.59990828	83.2508961	71.51936585	70.53426718	70.91091368	72.23640366	68.68802643
AntagonistData	2008-03-28 16:19:23.758 GMT-07:00	23.6433926	23.43371323	23.43371323	23.43371323	120.5	120.5	23.43371323	25.05470276	24.8789196	0.014648661	0	0.219729915	0.219729915	0	23.72167587	23.48729706	1	0	1	1	0	1	1	0	0	0	0	0	0	0	0	0	0	0	0	0	0	0	0	0	0	0	1	1	1	1	1	1	1	1	1	10.48301355	10.48301355	1.50312783	0	-0.061011221	-0.014090026	3.88E-04	3.88E-04	-0.045370823	52.13425863	9.238086132	60	0.439459831	21.22142803	0	72.35213578	72.35213578	72.11993408	72.11993408	73.24467468	72.72556305	71.57198334	97.55875713	85.74926657	83.3881084	71.51949017	70.53064334	70.91442036	72.23812228	68.68802643
AntagonistData	2008-03-28 16:19:24.258 GMT-07:00	23.64311344	23.43343161	23.43343161	23.43343161	120.5	120.5	23.43343161	25.05470276	24.84962273	0.014648661	0	0.219729915	0.219729915	0.014648661	23.72167587	23.48729706	1	0	1	1	0	1	1	0	0	0	0	0	0	0	0	0	0	0	0	0	0	0	0	0	0	0	1	1	1	1	1	1	1	1	1	10.48313953	10.48313953	1.50312783	0	-0.061011221	-0.014090026	3.88E-04	3.88E-04	-0.045370823	52.13425863	8.826906069	60	0.439459831	17.79417246	0	72.35222798	72.35222798	72.11993408	72.11993408	73.24467468	72.72556305	71.57198334	97.82289928	85.89811499	83.52484989	71.51518071	70.53645944	70.91183671	72.24028063	68.71686554
AntagonistData	2008-03-28 16:19:24.758 GMT-07:00	23.642771	23.43308612	23.43308612	23.43308612	120.5	120.5	23.43308612	25.05470276	24.80567551	0	0	0.219729915	0.14648661	0.014648661	23.72167587	23.48729706	1	0	1	1	0	1	1	0	0	0	0	0	0	0	0	0	0	0	0	0	0	0	0	0	0	0	1	1	1	1	1	1	1	1	1	10.48329409	10.48329409	1.50312783	0	-0.045370823	-0.014090026	3.88E-04	3.88E-04	-0.045370823	52.13425863	7.775096893	60	0.439459831	14.93655895	0	72.35232017	72.35232017	72.1776123	72.14877319	73.24467468	72.72556305	71.57198334	98.08596534	86.04645527	83.66112218	71.5229043	70.53816645	70.91658963	72.23555015	68.71686554
FaultInject	2008-03-28 16:19:25.258 GMT-07:00	LT500	Sensor	Stuck	TRUE	"Over-writes the nominal value with a fixed, user-entered value."	Abrupt	Stuck At=0																																																																										
AntagonistData	2008-03-28 16:19:25.258 GMT-07:00	23.64238663	23.4326983	23.4326983	23.4326983	120.5	120.5	23.4326983	25.05470276	24.82032585	0	0	0.219729915	0.219729915	0.014648661	23.72167587	23.48729706	1	0	1	1	0	1	1	0	0	0	0	0	0	0	0	0	0	0	0	0	0	0	0	0	0	0	1	1	1	1	1	1	1	1	1	10.48346759	10.48346759	1.50312783	0	-0.061011221	-0.014090026	-0.003522506	0.004297693	-0.045370823	0	7.504575927	60	0.219729915	12.55390763	0	72.35241237	72.35241237	72.1776123	72.14877319	73.24467468	72.72556305	71.57198334	98.3479597	86.19428916	83.79692689	71.51992293	70.53070756	70.91472952	72.24112115	68.68802643
AntagonistData	2008-03-28 16:19:25.758 GMT-07:00	23.64197659	23.43228457	23.43228457	23.43228457	120.5	120.5	23.43228457	25.05470276	24.8789196	0	0	0.219729915	0.219729915	0	23.72167587	23.48729706	1	0	1	1	0	1	1	0	0	0	0	0	0	0	0	0	0	0	0	0	0	0	0	0	0	0	1	1	1	1	1	1	1	1	1	10.48365269	10.48365269	1.50312783	0	-0.076653075	-0.014090026	3.88E-04	3.88E-04	-0.045370823	0	7.658948253	60	0.439459831	10.56727534	0	72.35250457	72.35250457	72.1776123	72.09109497	73.24467468	72.72556305	71.57198334	98.60888673	86.34161838	83.93226562	71.52368295	70.53650133	70.91254214	72.23986391	68.68802643
AntagonistData	2008-03-28 16:19:26.258 GMT-07:00	23.64155318	23.43185734	23.43185734	23.43185734	120.5	120.5	23.43185734	25.05470276	24.82032585	0	0	0.219729915	0.219729915	0.014648661	23.72167587	23.48729706	1	0	1	1	0	1	1	0	0	0	0	0	0	0	0	0	0	0	0	0	0	0	0	0	0	0	1	1	1	1	1	1	1	1	1	10.48384384	10.48384384	1.50312783	0	-0.045370823	-0.014090026	3.88E-04	-0.003522506	-0.045370823	0	7.415160929	60	0.439459831	8.910839985	0	72.35259676	72.35259676	72.1776123	72.09109497	73.27352142	72.72556305	71.57198334	98.86875076	86.48844465	84.06713997	71.52103136	70.53663287	70.9085102	72.24029827	68.54383087
AntagonistData	2008-03-28 16:19:26.758 GMT-07:00	23.64112561	23.43142591	23.43142591	23.43142591	120.5	120.5	23.43142591	25.05470276	24.82032585	0	0	0.219729915	0.219729915	0.014648661	23.72167587	23.48729706	1	0	1	1	0	1	1	0	0	0	0	0	0	0	0	0	0	0	0	0	0	0	0	0	0	0	1	1	1	1	1	1	1	1	1	10.48403687	10.48403687	1.50312783	0	-0.061011221	-0.014090026	0.008207792	-0.003522506	-0.045370823	0	7.482695877	60	0.439459831	7.52971974	0	72.35268895	72.35268895	72.1776123	72.09109497	73.27352142	72.72556305	71.57198334	99.12755614	86.6347697	84.20155152	71.52491132	70.54002399	70.91434238	72.23177767	68.54383087
AntagonistData	2008-03-28 16:19:27.258 GMT-07:00	23.64070068	23.43099715	23.43099715	23.43099715	120.5	120.5	23.43099715	25.05470276	24.83497429	0.014648661	0	0.219729915	0.219729915	0.014648661	23.72167587	23.48729706	1	0	1	1	0	1	1	0	0	0	0	0	0	0	0	0	0	0	0	0	0	0	0	0	0	0	1	1	1	1	1	1	1	1	1	10.48422872	10.48422872	1.50312783	0	-0.061011221	-0.014090026	-0.003522506	3.88E-04	-0.045370823	0	7.211171808	60	0.219729915	6.378154649	0	72.35278114	72.35278114	72.1776123	72.14877319	73.24467468	72.72556305	71.57198334	99.38530718	86.78059523	84.33550188	71.52347531	70.53821621	70.91469457	72.23228475	68.54383087
AntagonistData	2008-03-28 16:19:27.758 GMT-07:00	23.64028336	23.43057605	23.43057605	23.43057605	120.5	120.5	23.43057605	25.05470276	24.82032585	0.014648661	0	0.219729915	0.14648661	0	23.72167587	23.48729706	1	0	1	1	0	1	1	0	0	0	0	0	0	0	0	0	0	0	0	0	0	0	0	0	0	0	1	1	1	1	1	1	1	1	1	10.48441714	10.48441714	1.50312783	0	-0.061011221	-0.014090026	0.008207792	3.88E-04	-0.045370823	0	7.42185464	60	0.659189746	5.417990488	0	72.35287332	72.35287332	72.1776123	72.14877319	73.24467468	72.72556305	71.57198334	99.64200817	86.92592295	84.46899262	71.52214724	70.53453414	70.91401428	72.23581903	68.68802643
AntagonistData	2008-03-28 16:19:28.258 GMT-07:00	23.63987713	23.43016614	23.43016614	23.43016614	120.5	120.5	23.43016614	25.05470276	24.82032585	0.029297322	0	0.219729915	0.219729915	0	23.72167587	23.48729706	1	0	1	1	0	1	1	0	0	0	0	0	0	0	0	0	0	0	0	0	0	0	0	0	0	0	1	1	1	1	1	1	1	1	1	10.48460057	10.48460057	1.50312783	0	-0.076653075	-0.014090026	0.008207792	3.88E-04	-0.045370823	0	7.546136523	60	0.439459831	4.617414626	0	72.35296551	72.35296551	72.1776123	72.11993408	73.27352142	72.72556305	71.57198334	99.89766338	87.07075455	84.60202532	71.52491722	70.53881714	70.91073056	72.23766279	68.68802643
AntagonistData	2008-03-28 16:19:28.758 GMT-07:00	23.6394844	23.42976986	23.42976986	23.42976986	120.5	120.5	23.42976986	25.05470276	24.86427116	0.014648661	0	0.219729915	0.219729915	0.014648661	23.72167587	23.48729706	1	0	1	1	0	1	1	0	0	0	0	0	0	0	0	0	0	0	0	0	0	0	0	0	0	0	1	1	1	1	1	1	1	1	1	10.4847779	10.4847779	1.50312783	0	-0.061011221	-0.014090026	3.88E-04	3.88E-04	-0.045370823	0	7.503454204	60	0.439459831	3.94990199	0	72.35305769	72.35305769	72.1776123	72.11993408	73.27352142	72.72556305	71.57198334	100.1522771	87.21509174	84.73460155	71.5253117	70.53394835	70.91626248	72.23763635	68.77455139
AntagonistData	2008-03-28 16:19:29.273 GMT-07:00	23.63910673	23.42938877	23.42938877	23.42938877	120.5	120.5	23.42938877	25.05470276	24.84962273	0.014648661	0	0.219729915	0.14648661	0.014648661	23.72167587	23.48729706	1	0	1	1	0	1	1	0	0	0	0	0	0	0	0	0	0	0	0	0	0	0	0	0	0	0	1	1	1	1	1	1	1	1	1	10.48494844	10.48494844	1.50312783	0	-0.061011221	0.001550373	3.88E-04	3.88E-04	-0.045370823	0	7.350048881	60	0.659189746	3.393336221	0	72.35314987	72.35314987	72.1776123	72.09109497	73.24467468	72.72556305	71.57198334	100.4058535	87.35893619	84.86672287	71.52986151	70.54170829	70.90654389	72.2415286	68.77455139
AntagonistData	2008-03-28 16:19:29.758 GMT-07:00	23.63874503	23.42902379	23.42902379	23.42902379	120.5	120.5	23.42902379	25.05470276	24.86427116	0	0	0.219729915	0.219729915	0.014648661	23.72167587	23.48729706	1	0	1	1	0	1	1	0	0	0	0	0	0	0	0	0	0	0	0	0	0	0	0	0	0	0	1	1	1	1	1	1	1	1	1	10.48511177	10.48511177	1.50312783	0	-0.061011221	-0.014090026	0.008207792	-0.003522506	-0.045370823	0	7.2309094	60	0.439459831	2.929276909	0	72.35324205	72.35324205	72.1776123	72.09109497	73.24467468	72.72556305	71.57198334	100.6583969	87.5022896	84.99839086	71.52307727	70.54443474	70.91137114	72.23786941	68.57266998
AntagonistData	2008-03-28 16:19:30.258 GMT-07:00	23.63839972	23.42867535	23.42867535	23.42867535	120.5	120.5	23.42867535	25.05470276	24.84962273	0.014648661	0	0.219729915	0.219729915	0.014648661	23.72167587	23.48729706	1	0	1	1	0	1	1	0	0	0	0	0	0	0	0	0	0	0	0	0	0	0	0	0	0	0	1	1	1	1	1	1	1	1	1	10.48526771	10.48526771	1.50312783	0	-0.061011221	-0.014090026	-0.003522506	3.88E-04	-0.045370823	0	7.195127297	60	0.439459831	2.542348612	0	72.35333422	72.35333422	72.1776123	72.09109497	73.24467468	72.72556305	71.57198334	100.9099115	87.64515364	85.12960705	71.52664254	70.54425344	70.91813641	72.24093682	68.57266998
AntagonistData	2008-03-28 16:19:30.758 GMT-07:00	23.63807088	23.42834352	23.42834352	23.42834352	120.5	120.5	23.42834352	25.05470276	24.83497429	0.014648661	0	0.219729915	0.219729915	0	23.72167587	23.48729706	1	0	1	1	0	1	1	0	0	0	0	0	0	0	0	0	0	0	0	0	0	0	0	0	0	0	1	1	1	1	1	1	1	1	1	10.48541622	10.48541622	1.50312783	0	-0.076653075	-0.014090026	-0.003522506	3.88E-04	-0.045370823	0	7.328217826	60	0.439459831	2.219731432	0	72.3534264	72.3534264	72.1776123	72.09109497	73.24467468	72.72556305	71.57198334	101.1604014	87.78752997	85.26037301	71.53550154	70.5419615	70.9128145	72.24167393	68.63034821
AntagonistData	2008-03-28 16:19:31.258 GMT-07:00	23.63775829	23.4280281	23.4280281	23.4280281	120.5	120.5	23.4280281	25.05470276	24.8789196	0.029297322	0	0.219729915	0.219729915	0.014648661	23.72167587	23.48729706	1	0	1	1	0	1	1	0	0	0	0	0	0	0	0	0	0	0	0	0	0	0	0	0	0	0	1	1	1	1	1	1	1	1	1	10.48555739	10.48555739	1.50312783	0	-0.076653075	-0.014090026	0.008207792	3.88E-04	-0.045370823	0	7.441437092	60	0.439459831	1.950736255	0	72.35351857	72.35351857	72.14877319	72.09109497	73.24467468	72.72556305	71.57198334	101.4098708	87.92942026	85.39069028	71.52051782	70.54287199	70.90680939	72.24871012	68.63034821
AntagonistData	2008-03-28 16:19:31.758 GMT-07:00	23.63746156	23.42772868	23.42772868	23.42772868	120.5	120.5	23.42772868	25.05470276	24.79102707	0.029297322	0	0.219729915	0.219729915	0	23.72167587	23.48729706	1	0	1	1	0	1	1	0	0	0	0	0	0	0	0	0	0	0	0	0	0	0	0	0	0	0	1	1	1	1	1	1	1	1	1	10.4856914	10.4856914	1.50312783	0	-0.045370823	-0.014090026	-0.003522506	3.88E-04	-0.045370823	0	7.507353791	60	0.439459831	1.726450603	0	72.35361074	72.35361074	72.14877319	72.09109497	73.24467468	72.72556305	71.57198334	101.658324	88.07082618	85.5205604	71.52769834	70.54236457	70.91013269	72.24966719	68.65918732
AntagonistData	2008-03-28 16:19:32.258 GMT-07:00	23.63718018	23.42744474	23.42744474	23.42744474	120.5	120.5	23.42744474	25.05470276	24.80567551	0.014648661	0	0.219729915	0.219729915	0.014648661	23.72167587	23.48729706	1	0	1	1	0	1	1	0	0	0	0	0	0	0	0	0	0	0	0	0	0	0	0	0	0	0	1	1	1	1	1	1	1	1	1	10.48581849	10.48581849	1.50312783	0	-0.061011221	-0.014090026	-0.003522506	0.004297693	-0.045370823	0	7.416725657	60	0.439459831	1.539443332	0	72.3537029	72.3537029	72.14877319	72.09109497	73.24467468	72.72556305	71.57198334	101.9057649	88.21174937	85.6499849	71.52388989	70.54226826	70.91319485	72.23976666	68.65918732
AntagonistData	2008-03-28 16:19:32.758 GMT-07:00	23.63691352	23.42717566	23.42717566	23.42717566	120.5	120.5	23.42717566	25.05470276	24.84962273	0.029297322	0	0.219729915	0.219729915	0.014648661	23.72167587	23.48729706	1	0	1	1	0	1	1	0	0	0	0	0	0	0	0	0	0	0	0	0	0	0	0	0	0	0	1	1	1	1	1	1	1	1	1	10.48593893	10.48593893	1.50312783	0	-0.061011221	-0.014090026	-0.003522506	3.88E-04	-0.045370823	0	7.349507359	60	0.439459831	1.383518426	0	72.35379507	72.35379507	72.14877319	72.09109497	73.24467468	72.72556305	71.57198334	102.1521979	88.35219149	85.77896531	71.52772617	70.54243831	70.91917413	72.23149238	68.68802643
AntagonistData	2008-03-28 16:19:33.274 GMT-07:00	23.6366609	23.42692075	23.42692075	23.42692075	120.5	120.5	23.42692075	25.05470276	24.80567551	0.014648661	0	0.219729915	0.219729915	0.014648661	23.72167587	23.48729706	1	0	1	1	0	1	1	0	0	0	0	0	0	0	0	0	0	0	0	0	0	0	0	0	0	0	1	1	1	1	1	1	1	1	1	10.48605302	10.48605302	1.50312783	0	-0.061011221	-0.014090026	-0.003522506	3.88E-04	-0.045370823	0	7.300863251	60	0.439459831	1.253509703	0	72.35388723	72.35388723	72.14877319	72.09109497	73.24467468	72.72556305	71.57198334	102.3976269	88.49215417	85.90750315	71.53579659	70.54313409	70.91531064	72.23417507	68.68802643
AntagonistData	2008-03-28 16:19:33.758 GMT-07:00	23.63642163	23.42667931	23.42667931	23.42667931	120.5	120.5	23.42667931	25.05470276	24.83497429	0	0	0.219729915	0.219729915	0.014648661	23.72167587	23.48729706	1	0	1	1	0	1	1	0	0	0	0	0	0	0	0	0	0	0	0	0	0	0	0	0	0	0	1	1	1	1	1	1	1	1	1	10.4861611	10.4861611	1.50312783	0	-0.061011221	-0.014090026	0.008207792	-0.003522506	-0.045370823	0	7.378455555	60	0.439459831	1.145109651	0	72.35397939	72.35397939	72.14877319	72.09109497	73.24467468	72.72556305	71.57198334	102.642056	88.63163905	86.03559995	71.53689622	70.53813774	70.9142015	72.22923444	68.65918732
AntagonistData	2008-03-28 16:19:34.258 GMT-07:00	23.63619498	23.4264506	23.4264506	23.4264506	120.5	120.5	23.4264506	25.05470276	24.86427116	0	0	0.219729915	0.219729915	0.014648661	23.72167587	23.48729706	1	0	1	1	0	1	1	0	0	0	0	0	0	0	0	0	0	0	0	0	0	0	0	0	0	0	1	1	1	1	1	1	1	1	1	10.48626347	10.48626347	1.50312783	0	-0.076653075	-0.014090026	-0.003522506	3.88E-04	-0.045370823	0	7.183948745	60	0.439459831	1.054726705	0	72.35407155	72.35407155	72.1776123	72.09109497	73.24467468	72.72556305	71.57198334	102.8854893	88.77064777	86.16325721	71.5380719	70.54113441	70.91498398	72.22304456	68.65918732
AntagonistData	2008-03-28 16:19:34.774 GMT-07:00	23.63598023	23.42623391	23.42623391	23.42623391	120.5	120.5	23.42623391	25.05470276	24.83497429	0.014648661	0	0.219729915	0.219729915	0.014648661	23.72167587	23.48729706	1	0	1	1	0	1	1	0	0	0	0	0	0	0	0	0	0	0	0	0	0	0	0	0	0	0	1	1	1	1	1	1	1	1	1	10.48636047	10.48636047	1.50312783	0	-0.045370823	-0.014090026	3.88E-04	3.88E-04	-0.045370823	0	6.99799024	60	0.439459831	0.979366253	0	72.35416371	72.35416371	72.1776123	72.09109497	73.24467468	72.72556305	71.57198334	103.127931	88.90918195	86.29047645	71.53832635	70.5422804	70.91269921	72.22153467	68.60150909
AntagonistData	2008-03-28 16:19:35.274 GMT-07:00	23.63577669	23.42602852	23.42602852	23.42602852	120.5	120.5	23.42602852	25.05470276	24.80567551	0.014648661	0	0.219729915	0.219729915	0.014648661	23.72167587	23.48729706	1	0	1	1	0	1	1	0	0	0	0	0	0	0	0	0	0	0	0	0	0	0	0	0	0	0	1	1	1	1	1	1	1	1	1	10.48645241	10.48645241	1.50312783	0	-0.061011221	-0.014090026	-0.003522506	0.004297693	-0.045370823	0	6.93446976	60	0.439459831	0.916531416	0	72.35425587	72.35425587	72.14877319	72.11993408	73.24467468	72.72556305	71.57198334	103.3693849	89.0472432	86.41725917	71.53190724	70.542673	70.91504889	72.22271982	68.60150909
AntagonistData	2008-03-28 16:19:35.758 GMT-07:00	23.63558367	23.42583375	23.42583375	23.42583375	120.5	120.5	23.42583375	25.05470276	24.84962273	0	0	0.219729915	0.219729915	0.014648661	23.72167587	23.48729706	1	0	1	1	0	1	1	0	0	0	0	0	0	0	0	0	0	0	0	0	0	0	0	0	0	0	1	1	1	1	1	1	1	1	1	10.4865396	10.4865396	1.50312783	0	-0.045370823	-0.014090026	3.88E-04	0.004297693	-0.045370823	0	7.064434936	60	0.439459831	0.864140319	0	72.35434802	72.35434802	72.14877319	72.11993408	73.24467468	72.72556305	71.57198334	103.6098552	89.18483315	86.54360687	71.5354079	70.54002589	70.91782754	72.22792372	68.60150909
AntagonistData	2008-03-28 16:19:36.258 GMT-07:00	23.6354005	23.42564892	23.42564892	23.42564892	120.5	120.5	23.42564892	25.05470276	24.82032585	0.014648661	0	0.219729915	0.219729915	0.014648661	23.72167587	23.48729706	1	0	1	1	0	1	1	0	0	0	0	0	0	0	0	0	0	0	0	0	0	0	0	0	0	0	1	1	1	1	1	1	1	1	1	10.48662234	10.48662234	1.50312783	0	-0.061011221	-0.014090026	3.88E-04	3.88E-04	-0.045370823	0	6.887366857	60	0.439459831	0.820457114	0	72.35444017	72.35444017	72.14877319	72.11993408	73.24467468	72.72556305	71.57198334	103.8493459	89.3219534	86.66952103	71.54276278	70.54751513	70.90885045	72.22166418	68.63034821
AntagonistData	2008-03-28 16:19:36.758 GMT-07:00	23.63522656	23.4254734	23.4254734	23.4254734	120.5	120.5	23.4254734	25.05470276	24.8789196	0	0	0.219729915	0.219729915	0.014648661	23.72167587	23.48729706	1	0	1	1	0	1	1	0	0	0	0	0	0	0	0	0	0	0	0	0	0	0	0	0	0	0	1	1	1	1	1	1	1	1	1	10.48670091	10.48670091	1.50312783	0	-0.045370823	-0.014090026	3.88E-04	3.88E-04	-0.045370823	0	6.800301842	60	0.439459831	0.784034468	0	72.35453232	72.35453232	72.14877319	72.11993408	73.24467468	72.72556305	71.57198334	104.0878608	89.45860556	86.79500315	71.53693318	70.54863782	70.91483685	72.22594056	68.63034821
AntagonistData	2008-03-28 16:19:37.258 GMT-07:00	23.63506124	23.42530658	23.42530658	23.42530658	120.5	120.5	23.42530658	25.05470276	24.83497429	0.014648661	0	0.219729915	0.219729915	0.014648661	23.72167587	23.48729706	1	0	1	1	0	1	1	0	0	0	0	0	0	0	0	0	0	0	0	0	0	0	0	0	0	0	1	1	1	1	1	1	1	1	1	10.48677559	10.48677559	1.50312783	0	-0.076653075	-0.014090026	-0.003522506	3.88E-04	-0.045370823	0	8.851732386	60	0.439459831	0.753665608	0	72.35462447	72.35462447	72.1776123	72.11993408	73.24467468	72.72556305	71.57198334	104.3254042	89.59479122	86.92005471	71.53770751	70.54556135	70.91351615	72.2199939	68.60150909
AntagonistData	2008-03-28 16:19:37.758 GMT-07:00	23.63490397	23.42514788	23.42514788	23.42514788	120.5	120.5	23.42514788	25.04005432	24.86427116	0.029297322	0	0.219729915	0.219729915	0.014648661	23.72167587	23.48729706	1	0	1	1	0	1	1	0	0	0	0	0	0	0	0	0	0	0	0	0	0	0	0	0	0	0	1	1	1	1	1	1	1	1	1	10.48684663	10.48684663	1.50312783	0	-0.061011221	-0.014090026	-0.003522506	3.88E-04	-0.045370823	0	8.235410852	60	0.439459831	0.728344337	0	72.35471661	72.35471661	72.1776123	72.11993408	73.27352142	72.72556305	71.57198334	104.5619797	89.73051198	87.04467718	71.54214758	70.54726096	70.91383767	72.22140494	68.60150909
AntagonistData	2008-03-28 16:19:38.258 GMT-07:00	23.63475421	23.42499677	23.42499677	23.42499677	120.5	120.5	23.42499677	25.05470276	24.89356804	0.029297322	0	0.219729915	0.219729915	0.014648661	23.72167587	23.48729706	1	0	1	1	0	1	1	0	0	0	0	0	0	0	0	0	0	0	0	0	0	0	0	0	0	0	1	1	1	1	1	1	1	1	1	10.48691428	10.48691428	1.50312783	0	-0.061011221	-0.014090026	3.88E-04	3.88E-04	-0.045370823	0	8.533791813	60	0.439459831	0.7072317	0	72.35480875	72.35480875	72.1776123	72.11993408	73.27352142	72.72556305	71.57198334	104.7975915	89.86576942	87.16887204	71.53718787	70.55391271	70.91732762	72.2198694	68.68802643
AntagonistData	2008-03-28 16:19:38.758 GMT-07:00	23.63461145	23.42485272	23.42485272	23.42485272	120.5	120.5	23.42485272	25.05470276	24.82032585	0	0	0.219729915	0.219729915	0.014648661	23.72167587	23.48729706	1	0	1	1	0	1	1	0	0	0	0	0	0	0	0	0	0	0	0	0	0	0	0	0	0	0	1	1	1	1	1	1	1	1	1	10.48697877	10.48697877	1.50312783	0	-0.076653075	-0.014090026	-0.003522506	3.88E-04	-0.045370823	0	8.299173727	60	0.219729915	0.689628181	0	72.35490089	72.35490089	72.14877319	72.11993408	73.24467468	72.72556305	71.57198334	105.0322435	90.00056513	87.29264076	71.54343109	70.55684395	70.91305755	72.2203936	68.68802643
AntagonistData	2008-03-28 16:19:39.258 GMT-07:00	23.63447522	23.42471525	23.42471525	23.42471525	120.5	120.5	23.42471525	25.05470276	24.80567551	0	0	0.219729915	0.219729915	0.014648661	23.72167587	23.48729706	1	0	1	1	0	1	1	0	0	0	0	0	0	0	0	0	0	0	0	0	0	0	0	0	0	0	1	1	1	1	1	1	1	1	1	10.48704032	10.48704032	1.50312783	0	-0.076653075	-0.014090026	-0.003522506	3.88E-04	-0.045370823	0	8.623867058	60	0.439459831	0.674950532	0	72.35499303	72.35499303	72.14877319	72.11993408	73.24467468	72.72556305	71.57198334	105.2659395	90.13490067	87.4159848	71.54614524	70.55431171	70.91666216	72.21830547	68.68802643
